0.009 0 0 0 0 0 0 0 0 0 0 0 0 189.731 0 0 2683.95
0.009 0 0 0 0 0 0 0 0 0 0 0 0 189.731 0 0 2683.95
0.009 0 0 0 0 0 0 0 0 0 0 0 0 189.731 0 0 2683.95
0.009 0 0 0 0 0 0 0 0 0 0 0 0 189.731 0 0 2683.95
0.009 0 0 0 0 0 0 0 0 0 0 0 0 189.731 0 0 2683.95
0.009 0 0 0 0 0 0 0 0 0 0 0 0 189.731 0 0 2683.95
0.009 0 0 0 0 0 0 0 0 0 0 0 0 189.731 0 0 2683.95
0.009 0 0 0 0 0 0 0 0 0 0 0 0 189.731 0 0 2683.95
0.009 0 0 0 0 0 0 0 0 0 0 0 0 189.731 0 0 2683.95
0.009 0 0 0 0 0 0 0 0 0 0 0 0 189.731 0 0 2683.95
0.009 0 0 0 0 0 0 0 0 0 0 0 0 189.731 0 0 2683.95
0.009 0 0 0 0 0 0 0 0 0 0 0 0 189.731 0 0 2683.95
0.009 0 0 0 0 0 0 0 0 0 0 0 0 189.731 0 0 2683.95
0.009 0 0 0 0 0 0 0 0 0 0 0 0 189.731 0 0 2683.95
0.019 0 0 0 0 0 0 0 0 0 0 0 0 189.731 0 0 2683.95
0.019 0 0 0 0 0 0 0 0 0 0 0 0 189.731 0 0 2683.95
0.019 0 0 0 0 0 0 0 0 0 0 0 0 189.731 0 0 2683.95
0.019 0 0 0 0 0 0 0 0 0 0 0 0 189.731 0 0 2683.95
0.019 0 0 0 0 0 0 0 0 0 0 0 0 189.731 0 0 2683.95
0.019 0 0 0 0 0 0 0 0 0 0 0 0 189.731 0 0 2683.95
0.019 0 0 0 0 0 0 0 0 0 0 0 0 189.731 0 0 2683.95
0.019 0 0 0 0 0 0 0 0 0 0 0 0 189.731 0 0 2683.95
0.019 0 0 0 0 0 0 0 0 0 0 0 0 189.731 0 0 2683.95
0.019 0 0 0 0 0 0 0 0 0 0 0 0 189.731 0 0 2683.95
0.019 0 0 0 0 0 0 0 0 0 0 0 0 189.731 0 0 2683.95
0.019 0 0 0 0 0 0 0 0 0 0 0 0 189.731 0 0 2683.95
0.019 0 0 0 0 0 0 0 0 0 0 0 0 189.731 0 0 2683.95
0.019 0 0 0 0 0 0 0 0 0 0 0 0 189.731 0 0 2683.95
0.029 0 0 0 0 0 0 0 0 0 0 0 0 189.731 0 0 2683.95
0.029 0 0 0 0 0 0 0 0 0 0 0 0 189.731 0 0 2683.95
0.029 0 0 0 0 0 0 0 0 0 0 0 0 189.731 0 0 2683.95
0.029 0 0 0 0 0 0 0 0 0 0 0 0 189.731 0 0 2683.95
0.029 0 0 0 0 0 0 0 0 0 0 0 0 189.731 0 0 2683.95
0.029 0 0 0 0 0 0 0 0 0 0 0 0 189.731 0 0 2683.95
0.029 0 0 0 0 0 0 0 0 0 0 0 0 189.731 0 0 2683.95
0.029 0 0 0 0 0 0 0 0 0 0 0 0 189.731 0 0 2683.95
0.029 0 0 0 0 0 0 0 0 0 0 0 0 189.731 0 0 2683.95
0.029 0 0 0 0 0 0 0 0 0 0 0 0 189.731 0 0 2683.95
0.029 0 0 0 0 0 0 0 0 0 0 0 0 189.731 0 0 2683.95
0.029 0 0 0 0 0 0 0 0 0 0 0 0 189.731 0 0 2683.95
0.029 0 0 0 0 0 0 0 0 0 0 0 0 189.731 0 0 2683.95
0.029 0 0 0 0 0 0 0 0 0 0 0 0 189.731 0 0 2683.95
0.039 0 0 0 0 0 0 0 0 0 0 0 0 189.731 0 0 2683.95
0.039 0 0 0 0 0 0 0 0 0 0 0 0 189.731 0 0 2683.95
0.039 0 0 0 0 0 0 0 0 0 0 0 0 189.731 0 0 2683.95
0.039 0 0 0 0 0 0 0 0 0 0 0 0 189.731 0 0 2683.95
0.039 0 0 0 0 0 0 0 0 0 0 0 0 189.731 0 0 2683.95
0.039 0 0 0 0 0 0 0 0 0 0 0 0 189.731 0 0 2683.95
0.039 0 0 0 0 0 0 0 0 0 0 0 0 189.731 0 0 2683.95
0.039 0 0 0 0 0 0 0 0 0 0 0 0 189.731 0 0 2683.95
0.039 0 0 0 0 0 0 0 0 0 0 0 0 189.731 0 0 2683.95
0.039 0 0 0 0 0 0 0 0 0 0 0 0 189.731 0 0 2683.95
0.039 0 0 0 0 0 0 0 0 0 0 0 0 189.731 0 0 2683.95
0.039 0 0 0 0 0 0 0 0 0 0 0 0 189.731 0 0 2683.95
0.039 0 0 0 0 0 0 0 0 0 0 0 0 189.731 0 0 2683.95
0.039 0 0 0 0 0 0 0 0 0 0 0 0 189.731 0 0 2683.95
0.049 0 0 0 0 0 0 0 0 0 0 0 0 189.731 0 0 2683.95
0.049 0 0 0 0 0 0 0 0 0 0 0 0 189.731 0 0 2683.95
0.049 0 0 0 0 0 0 0 0 0 0 0 0 189.731 0 0 2683.95
0.049 0 0 0 0 0 0 0 0 0 0 0 0 189.731 0 0 2683.95
0.049 0 0 0 0 0 0 0 0 0 0 0 0 189.731 0 0 2683.95
0.049 0 0 0 0 0 0 0 0 0 0 0 0 189.731 0 0 2683.95
0.049 0 0 0 0 0 0 0 0 0 0 0 0 189.731 0 0 2683.95
0.049 0 0 0 0 0 0 0 0 0 0 0 0 189.731 0 0 2683.95
0.049 0 0 0 0 0 0 0 0 0 0 0 0 189.731 0 0 2683.95
0.049 0 0 0 0 0 0 0 0 0 0 0 0 189.731 0 0 2683.95
0.049 0 0 0 0 0 0 0 0 0 0 0 0 189.731 0 0 2683.95
0.049 0 0 0 0 0 0 0 0 0 0 0 0 189.731 0 0 2683.95
0.049 0 0 0 0 0 0 0 0 0 0 0 0 189.731 0 0 2683.95
0.049 0 0 0 0 0 0 0 0 0 0 0 0 189.731 0 0 2683.95
0.059 0 0 0 0 0 0 0 0 0 0 0 0 189.731 0 0 2683.95
0.059 0 0 0 0 0 0 0 0 0 0 0 0 189.731 0 0 2683.95
0.059 0 0 0 0 0 0 0 0 0 0 0 0 189.731 0 0 2683.95
0.059 0 0 0 0 0 0 0 0 0 0 0 0 189.731 0 0 2683.95
0.059 0 0 0 0 0 0 0 0 0 0 0 0 189.731 0 0 2683.95
0.059 0 0 0 0 0 0 0 0 0 0 0 0 189.731 0 0 2683.95
0.059 0 0 0 0 0 0 0 0 0 0 0 0 189.731 0 0 2683.95
0.059 0 0 0 0 0 0 0 0 0 0 0 0 189.731 0 0 2683.95
0.059 0 0 0 0 0 0 0 0 0 0 0 0 189.731 0 0 2683.95
0.059 0 0 0 0 0 0 0 0 0 0 0 0 189.731 0 0 2683.95
0.059 0 0 0 0 0 0 0 0 0 0 0 0 189.731 0 0 2683.95
0.059 0 0 0 0 0 0 0 0 0 0 0 0 189.731 0 0 2683.95
0.059 0 0 0 0 0 0 0 0 0 0 0 0 189.731 0 0 2683.95
0.059 0 0 0 0 0 0 0 0 0 0 0 0 189.731 0 0 2683.95
0.069 0 0 0 0 0 0 0 0 0 0 0 0 189.731 0 0 2683.95
0.069 0 0 0 0 0 0 0 0 0 0 0 0 189.731 0 0 2683.95
0.069 0 0 0 0 0 0 0 0 0 0 0 0 189.731 0 0 2683.95
0.069 0 0 0 0 0 0 0 0 0 0 0 0 189.731 0 0 2683.95
0.069 0 0 0 0 0 0 0 0 0 0 0 0 189.731 0 0 2683.95
0.069 0 0 0 0 0 0 0 0 0 0 0 0 189.731 0 0 2683.95
0.069 0 0 0 0 0 0 0 0 0 0 0 0 189.731 0 0 2683.95
0.069 0 0 0 0 0 0 0 0 0 0 0 0 189.731 0 0 2683.95
0.069 0 0 0 0 0 0 0 0 0 0 0 0 189.731 0 0 2683.95
0.069 0 0 0 0 0 0 0 0 0 0 0 0 189.731 0 0 2683.95
0.069 0 0 0 0 0 0 0 0 0 0 0 0 189.731 0 0 2683.95
0.069 0 0 0 0 0 0 0 0 0 0 0 0 189.731 0 0 2683.95
0.069 0 0 0 0 0 0 0 0 0 0 0 0 189.731 0 0 2683.95
0.069 0 0 0 0 0 0 0 0 0 0 0 0 189.731 0 0 2683.95
0.079 0 0 0 0 0 0 0 0 0 0 0 0 189.731 0 0 2683.95
0.079 0 0 0 0 0 0 0 0 0 0 0 0 189.731 0 0 2683.95
0.079 0 0 0 0 0 0 0 0 0 0 0 0 189.731 0 0 2683.95
0.079 0 0 0 0 0 0 0 0 0 0 0 0 189.731 0 0 2683.95
0.079 0 0 0 0 0 0 0 0 0 0 0 0 189.731 0 0 2683.95
0.079 0 0 0 0 0 0 0 0 0 0 0 0 189.731 0 0 2683.95
0.079 0 0 0 0 0 0 0 0 0 0 0 0 189.731 0 0 2683.95
0.079 0 0 0 0 0 0 0 0 0 0 0 0 189.731 0 0 2683.95
0.079 0 0 0 0 0 0 0 0 0 0 0 0 189.731 0 0 2683.95
0.079 0 0 0 0 0 0 0 0 0 0 0 0 189.731 0 0 2683.95
0.079 0 0 0 0 0 0 0 0 0 0 0 0 189.731 0 0 2683.95
0.079 0 0 0 0 0 0 0 0 0 0 0 0 189.731 0 0 2683.95
0.079 0 0 0 0 0 0 0 0 0 0 0 0 189.731 0 0 2683.95
0.079 0 0 0 0 0 0 0 0 0 0 0 0 189.731 0 0 2683.95
0.089 0 0 0 0 0 0 0 0 0 0 0 0 189.731 0 0 2683.95
0.089 0 0 0 0 0 0 0 0 0 0 0 0 189.731 0 0 2683.95
0.089 0 0 0 0 0 0 0 0 0 0 0 0 189.731 0 0 2683.95
0.089 0 0 0 0 0 0 0 0 0 0 0 0 189.731 0 0 2683.95
0.089 0 0 0 0 0 0 0 0 0 0 0 0 189.731 0 0 2683.95
0.089 0 0 0 0 0 0 0 0 0 0 0 0 189.731 0 0 2683.95
0.089 0 0 0 0 0 0 0 0 0 0 0 0 189.731 0 0 2683.95
0.089 0 0 0 0 0 0 0 0 0 0 0 0 189.731 0 0 2683.95
0.089 0 0 0 0 0 0 0 0 0 0 0 0 189.731 0 0 2683.95
0.089 0 0 0 0 0 0 0 0 0 0 0 0 189.731 0 0 2683.95
0.089 0 0 0 0 0 0 0 0 0 0 0 0 189.731 0 0 2683.95
0.089 0 0 0 0 0 0 0 0 0 0 0 0 189.731 0 0 2683.95
0.089 0 0 0 0 0 0 0 0 0 0 0 0 189.731 0 0 2683.95
0.089 0 0 0 0 0 0 0 0 0 0 0 0 189.731 0 0 2683.95
0.099 0 0 0 0 0 0 0 0 0 0 0 0 189.731 0 0 2683.95
0.099 0 0 0 0 0 0 0 0 0 0 0 0 189.731 0 0 2683.95
0.099 0 0 0 0 0 0 0 0 0 0 0 0 189.731 0 0 2683.95
0.099 0 0 0 0 0 0 0 0 0 0 0 0 189.731 0 0 2683.95
0.099 0 0 0 0 0 0 0 0 0 0 0 0 189.731 0 0 2683.95
0.099 0 0 0 0 0 0 0 0 0 0 0 0 189.731 0 0 2683.95
0.099 0 0 0 0 0 0 0 0 0 0 0 0 189.731 0 0 2683.95
0.099 0 0 0 0 0 0 0 0 0 0 0 0 189.731 0 0 2683.95
0.099 0 0 0 0 0 0 0 0 0 0 0 0 189.731 0 0 2683.95
0.099 0 0 0 0 0 0 0 0 0 0 0 0 189.731 0 0 2683.95
0.099 0 0 0 0 0 0 0 0 0 0 0 0 189.731 0 0 2683.95
0.099 0 0 0 0 0 0 0 0 0 0 0 0 189.731 0 0 2683.95
0.099 0 0 0 0 0 0 0 0 0 0 0 0 189.731 0 0 2683.95
0.099 0 0 0 0 0 0 0 0 0 0 0 0 189.731 0 0 2683.95
0.109 0 0 0 0 0 0 0 0 0 0 0 0 189.731 0 0 2683.95
0.109 0 0 0 0 0 0 0 0 0 0 0 0 189.731 0 0 2683.95
0.109 0 0 0 0 0 0 0 0 0 0 0 0 189.731 0 0 2683.95
0.109 0 0 0 0 0 0 0 0 0 0 0 0 189.731 0 0 2683.95
0.109 0 0 0 0 0 0 0 0 0 0 0 0 189.731 0 0 2683.95
0.109 0 0 0 0 0 0 0 0 0 0 0 0 189.731 0 0 2683.95
0.109 0 0 0 0 0 0 0 0 0 0 0 0 189.731 0 0 2683.95
0.109 0 0 0 0 0 0 0 0 0 0 0 0 189.731 0 0 2683.95
0.109 0 0 0 0 0 0 0 0 0 0 0 0 189.731 0 0 2683.95
0.109 0 0 0 0 0 0 0 0 0 0 0 0 189.731 0 0 2683.95
0.109 0 0 0 0 0 0 0 0 0 0 0 0 189.731 0 0 2683.95
0.109 0 0 0 0 0 0 0 0 0 0 0 0 189.731 0 0 2683.95
0.109 0 0 0 0 0 0 0 0 0 0 0 0 189.731 0 0 2683.95
0.109 0 0 0 0 0 0 0 0 0 0 0 0 189.731 0 0 2683.95
0.119 0 0 0 0 0 0 0 0 0 0 0 0 189.731 0 0 2683.95
0.119 0 0 0 0 0 0 0 0 0 0 0 0 189.731 0 0 2683.95
0.119 0 0 0 0 0 0 0 0 0 0 0 0 189.731 0 0 2683.95
0.119 0 0 0 0 0 0 0 0 0 0 0 0 189.731 0 0 2683.95
0.119 0 0 0 0 0 0 0 0 0 0 0 0 189.731 0 0 2683.95
0.119 0 0 0 0 0 0 0 0 0 0 0 0 189.731 0 0 2683.95
0.119 0 0 0 0 0 0 0 0 0 0 0 0 189.731 0 0 2683.95
0.119 0 0 0 0 0 0 0 0 0 0 0 0 189.731 0 0 2683.95
0.119 0 0 0 0 0 0 0 0 0 0 0 0 189.731 0 0 2683.95
0.119 0 0 0 0 0 0 0 0 0 0 0 0 189.731 0 0 2683.95
0.119 0 0 0 0 0 0 0 0 0 0 0 0 189.731 0 0 2683.95
0.119 0 0 0 0 0 0 0 0 0 0 0 0 189.731 0 0 2683.95
0.119 0 0 0 0 0 0 0 0 0 0 0 0 189.731 0 0 2683.95
0.119 0 0 0 0 0 0 0 0 0 0 0 0 189.731 0 0 2683.95
0.129 0 0 0 0 0 0 0 0 0 0 0 0 189.731 0 0 2683.95
0.129 0 0 0 0 0 0 0 0 0 0 0 0 189.731 0 0 2683.95
0.129 0 0 0 0 0 0 0 0 0 0 0 0 189.731 0 0 2683.95
0.129 0 0 0 0 0 0 0 0 0 0 0 0 189.731 0 0 2683.95
0.129 0 0 0 0 0 0 0 0 0 0 0 0 189.731 0 0 2683.95
0.129 0 0 0 0 0 0 0 0 0 0 0 0 189.731 0 0 2683.95
0.129 0 0 0 0 0 0 0 0 0 0 0 0 189.731 0 0 2683.95
0.129 0 0 0 0 0 0 0 0 0 0 0 0 189.731 0 0 2683.95
0.129 0 0 0 0 0 0 0 0 0 0 0 0 189.731 0 0 2683.95
0.129 0 0 0 0 0 0 0 0 0 0 0 0 189.731 0 0 2683.95
0.129 0 0 0 0 0 0 0 0 0 0 0 0 189.731 0 0 2683.95
0.129 0 0 0 0 0 0 0 0 0 0 0 0 189.731 0 0 2683.95
0.129 0 0 0 0 0 0 0 0 0 0 0 0 189.731 0 0 2683.95
0.129 0 0 0 0 0 0 0 0 0 0 0 0 189.731 0 0 2683.95
0.139 0 0 0 0 0 0 0 0 0 0 0 0 189.731 0 0 2683.95
0.139 0 0 0 0 0 0 0 0 0 0 0 0 189.731 0 0 2683.95
0.139 0 0 0 0 0 0 0 0 0 0 0 0 189.731 0 0 2683.95
0.139 0 0 0 0 0 0 0 0 0 0 0 0 189.731 0 0 2683.95
0.139 0 0 0 0 0 0 0 0 0 0 0 0 189.731 0 0 2683.95
0.139 0 0 0 0 0 0 0 0 0 0 0 0 189.731 0 0 2683.95
0.139 0 0 0 0 0 0 0 0 0 0 0 0 189.731 0 0 2683.95
0.139 0 0 0 0 0 0 0 0 0 0 0 0 189.731 0 0 2683.95
0.139 0 0 0 0 0 0 0 0 0 0 0 0 189.731 0 0 2683.95
0.139 0 0 0 0 0 0 0 0 0 0 0 0 189.731 0 0 2683.95
0.139 0 0 0 0 0 0 0 0 0 0 0 0 189.731 0 0 2683.95
0.139 0 0 0 0 0 0 0 0 0 0 0 0 189.731 0 0 2683.95
0.139 0 0 0 0 0 0 0 0 0 0 0 0 189.731 0 0 2683.95
0.149 0 0 0 0 0 0 0 0 0 0 0 0 189.731 0 0 2683.95
0.139 0 0 0 0 0 0 0 0 0 0 0 0 189.731 0 0 2683.95
0.149 0 0 0 0 0 0 0 0 0 0 0 0 189.731 0 0 2683.95
0.149 0 0 0 0 0 0 0 0 0 0 0 0 189.731 0 0 2683.95
0.149 0 0 0 0 0 0 0 0 0 0 0 0 189.731 0 0 2683.95
0.149 0 0 0 0 0 0 0 0 0 0 0 0 189.731 0 0 2683.95
0.149 0 0 0 0 0 0 0 0 0 0 0 0 189.731 0 0 2683.95
0.149 0 0 0 0 0 0 0 0 0 0 0 0 189.731 0 0 2683.95
0.149 0 0 0 0 0 0 0 0 0 0 0 0 189.731 0 0 2683.95
0.149 0 0 0 0 0 0 0 0 0 0 0 0 189.731 0 0 2683.95
0.149 0 0 0 0 0 0 0 0 0 0 0 0 189.731 0 0 2683.95
0.149 0 0 0 0 0 0 0 0 0 0 0 0 189.731 0 0 2683.95
0.149 0 0 0 0 0 0 0 0 0 0 0 0 189.731 0 0 2683.95
0.149 0 0 0 0 0 0 0 0 0 0 0 0 189.731 0 0 2683.95
0.159 0 0 0 0 0 0 0 0 0 0 0 0 189.731 0 0 2683.95
0.149 0 0 0 0 0 0 0 0 0 0 0 0 189.731 0 0 2683.95
0.159 0 0 0 0 0 0 0 0 0 0 0 0 189.731 0 0 2683.95
0.159 0 0 0 0 0 0 0 0 0 0 0 0 189.731 0 0 2683.95
0.159 0 0 0 0 0 0 0 0 0 0 0 0 189.731 0 0 2683.95
0.159 0 0 0 0 0 0 0 0 0 0 0 0 189.731 0 0 2683.95
0.159 0 0 0 0 0 0 0 0 0 0 0 0 189.731 0 0 2683.95
0.159 0 0 0 0 0 0 0 0 0 0 0 0 189.731 0 0 2683.95
0.159 0 0 0 0 0 0 0 0 0 0 0 0 189.731 0 0 2683.95
0.159 0 0 0 0 0 0 0 0 0 0 0 0 189.731 0 0 2683.95
0.159 0 0 0 0 0 0 0 0 0 0 0 0 189.731 0 0 2683.95
0.159 0 0 0 0 0 0 0 0 0 0 0 0 189.731 0 0 2683.95
0.159 0 0 0 0 0 0 0 0 0 0 0 0 189.731 0 0 2683.95
0.169 0 0 0 0 0 0 0 0 0 0 0 0 189.731 0 0 2683.95
0.159 0 0 0 0 0 0 0 0 0 0 0 0 189.731 0 0 2683.95
0.159 0 0 0 0 0 0 0 0 0 0 0 0 189.731 0 0 2683.95
0.169 0 0 0 0 0 0 0 0 0 0 0 0 189.731 0 0 2683.95
0.169 0 0 0 0 0 0 0 0 0 0 0 0 189.731 0 0 2683.95
0.169 0 0 0 0 0 0 0 0 0 0 0 0 189.731 0 0 2683.95
0.169 0 0 0 0 0 0 0 0 0 0 0 0 189.731 0 0 2683.95
0.169 0 0 0 0 0 0 0 0 0 0 0 0 189.731 0 0 2683.95
0.169 0 0 0 0 0 0 0 0 0 0 0 0 189.731 0 0 2683.95
0.169 0 0 0 0 0 0 0 0 0 0 0 0 189.731 0 0 2683.95
0.169 0 0 0 0 0 0 0 0 0 0 0 0 189.731 0 0 2683.95
0.169 0 0 0 0 0 0 0 0 0 0 0 0 189.731 0 0 2683.95
0.179 0 0 0 0 0 0 0 0 0 0 0 0 189.731 0 0 2683.95
0.169 0 0 0 0 0 0 0 0 0 0 0 0 189.731 0 0 2683.95
0.169 0 0 0 0 0 0 0 0 0 0 0 0 189.731 0 0 2683.95
0.169 0 0 0 0 0 0 0 0 0 0 0 0 189.731 0 0 2683.95
0.169 0 0 0 0 0 0 0 0 0 0 0 0 189.731 0 0 2683.95
0.179 0 0 0 0 0 0 0 0 0 0 0 0 189.731 0 0 2683.95
0.179 0 0 0 0 0 0 0 0 0 0 0 0 189.731 0 0 2683.95
0.179 0 0 0 0 0 0 0 0 0 0 0 0 189.731 0 0 2683.95
0.179 0 0 0 0 0 0 0 0 0 0 0 0 189.731 0 0 2683.95
0.179 0 0 0 0 0 0 0 0 0 0 0 0 189.731 0 0 2683.95
0.179 0 0 0 0 0 0 0 0 0 0 0 0 189.731 0 0 2683.95
0.179 0 0 0 0 0 0 0 0 0 0 0 0 189.731 0 0 2683.95
0.179 0 0 0 0 0 0 0 0 0 0 0 0 189.731 0 0 2683.95
0.179 0 0 0 0 0 0 0 0 0 0 0 0 189.731 0 0 2683.95
0.189 0 0 0 0 0 0 0 0 0 0 0 0 189.731 0 0 2683.95
0.179 0 0 0 0 0 0 0 0 0 0 0 0 189.731 0 0 2683.95
0.179 0 0 0 0 0 0 0 0 0 0 0 0 189.731 0 0 2683.95
0.179 0 0 0 0 0 0 0 0 0 0 0 0 189.731 0 0 2683.95
0.179 0 0 0 0 0 0 0 0 0 0 0 0 189.731 0 0 2683.95
0.189 0 0 0 0 0 0 0 0 0 0 0 0 189.731 0 0 2683.95
0.189 0 0 0 0 0 0 0 0 0 0 0 0 189.731 0 0 2683.95
0.189 0 0 0 0 0 0 0 0 0 0 0 0 189.731 0 0 2683.95
0.189 0 0 0 0 0 0 0 0 0 0 0 0 189.731 0 0 2683.95
0.189 0 0 0 0 0 0 0 0 0 0 0 0 189.731 0 0 2683.95
0.189 0 0 0 0 0 0 0 0 0 0 0 0 189.731 0 0 2683.95
0.189 0 0 0 0 0 0 0 0 0 0 0 0 189.731 0 0 2683.95
0.189 0 0 0 0 0 0 0 0 0 0 0 0 189.731 0 0 2683.95
0.199 0 0 0 0 0 0 0 0 0 0 0 0 189.731 0 0 2683.95
0.189 0 0 0 0 0 0 0 0 0 0 0 0 189.731 0 0 2683.95
0.189 0 0 0 0 0 0 0 0 0 0 0 0 189.731 0 0 2683.95
0.189 0 0 0 0 0 0 0 0 0 0 0 0 189.731 0 0 2683.95
0.189 0 0 0 0 0 0 0 0 0 0 0 0 189.731 0 0 2683.95
0.189 0 0 0 0 0 0 0 0 0 0 0 0 189.731 0 0 2683.95
0.199 0 0 0 0 0 0 0 0 0 0 0 0 189.731 0 0 2683.95
0.199 0 0 0 0 0 0 0 0 0 0 0 0 189.731 0 0 2683.95
0.199 0 0 0 0 0 0 0 0 0 0 0 0 189.731 0 0 2683.95
0.199 0 0 0 0 0 0 0 0 0 0 0 0 189.731 0 0 2683.95
0.199 0 0 0 0 0 0 0 0 0 0 0 0 189.731 0 0 2683.95
0.199 0 0 0 0 0 0 0 0 0 0 0 0 189.731 0 0 2683.95
0.199 0 0 0 0 0 0 0 0 0 0 0 0 189.731 0 0 2683.95
0.199 0 0 0 0 0 0 0 0 0 0 0 0 189.731 0 0 2683.95
0.199 0 0 0 0 0 0 0 0 0 0 0 0 189.731 0 0 2683.95
0.209 0 0 0 0 0 0 0 0 0 0 0 0 189.731 0 0 2683.95
0.199 0 0 0 0 0 0 0 0 0 0 0 0 189.731 0 0 2683.95
0.199 0 0 0 0 0 0 0 0 0 0 0 0 189.731 0 0 2683.95
0.199 0 0 0 0 0 0 0 0 0 0 0 0 189.731 0 0 2683.95
0.199 0 0 0 0 0 0 0 0 0 0 0 0 189.731 0 0 2683.95
0.209 0 0 0 0 0 0 0 0 0 0 0 0 189.731 0 0 2683.95
0.209 0 0 0 0 0 0 0 0 0 0 0 0 189.731 0 0 2683.95
0.209 0 0 0 0 0 0 0 0 0 0 0 0 189.731 0 0 2683.95
0.209 0 0 0 0 0 0 0 0 0 0 0 0 189.731 0 0 2683.95
0.209 0 0 0 0 0 0 0 0 0 0 0 0 189.731 0 0 2683.95
0.219 0 0 0 0 0 0 0 0 0 0 0 0 189.731 0 0 2683.95
0.209 0 0 0 0 0 0 0 0 0 0 0 0 189.731 0 0 2683.95
0.209 0 0 0 0 0 0 0 0 0 0 0 0 189.731 0 0 2683.95
0.209 0 0 0 0 0 0 0 0 0 0 0 0 189.731 0 0 2683.95
0.209 0 0 0 0 0 0 0 0 0 0 0 0 189.731 0 0 2683.95
0.209 0 0 0 0 0 0 0 0 0 0 0 0 189.731 0 0 2683.95
0.209 0 0 0 0 0 0 0 0 0 0 0 0 189.731 0 0 2683.95
0.209 0 0 0 0 0 0 0 0 0 0 0 0 189.731 0 0 2683.95
0.219 0 0 0 0 0 0 0 0 0 0 0 0 189.731 0 0 2683.95
0.209 0 0 0 0 0 0 0 0 0 0 0 0 189.731 0 0 2683.95
0.219 0 0 0 0 0 0 0 0 0 0 0 0 189.731 0 0 2683.95
0.219 0 0 0 0 0 0 0 0 0 0 0 0 189.731 0 0 2683.95
0.219 0 0 0 0 0 0 0 0 0 0 0 0 189.731 0 0 2683.95
0.219 0 0 0 0 0 0 0 0 0 0 0 0 189.731 0 0 2683.95
0.229 0 0 0 0 0 0 0 0 0 0 0 0 189.731 0 0 2683.95
0.219 0 0 0 0 0 0 0 0 0 0 0 0 189.731 0 0 2683.95
0.219 0 0 0 0 0 0 0 0 0 0 0 0 189.731 0 0 2683.95
0.219 0 0 0 0 0 0 0 0 0 0 0 0 189.731 0 0 2683.95
0.219 0 0 0 0 0 0 0 0 0 0 0 0 189.731 0 0 2683.95
0.219 0 0 0 0 0 0 0 0 0 0 0 0 189.731 0 0 2683.95
0.219 0 0 0 0 0 0 0 0 0 0 0 0 189.731 0 0 2683.95
0.219 0 0 0 0 0 0 0 0 0 0 0 0 189.731 0 0 2683.95
0.229 0 0 0 0 0 0 0 0 0 0 0 0 189.731 0 0 2683.95
0.219 0 0 0 0 0 0 0 0 0 0 0 0 189.731 0 0 2683.95
0.239 0 0 0 0 0 0 0 0 0 0 0 0 189.731 0 0 2683.95
0.229 0 0 0 0 0 0 0 0 0 0 0 0 189.731 0 0 2683.95
0.229 0 0 0 0 0 0 0 0 0 0 0 0 189.731 0 0 2683.95
0.229 0 0 0 0 0 0 0 0 0 0 0 0 189.731 0 0 2683.95
0.229 0 0 0 0 0 0 0 0 0 0 0 0 189.731 0 0 2683.95
0.239 0 0 0 0 0 0 0 0 0 0 0 0 189.731 0 0 2683.95
0.229 0 0 0 0 0 0 0 0 0 0 0 0 189.731 0 0 2683.95
0.229 0 0 0 0 0 0 0 0 0 0 0 0 189.731 0 0 2683.95
0.229 0 0 0 0 0 0 0 0 0 0 0 0 189.731 0 0 2683.95
0.229 0 0 0 0 0 0 0 0 0 0 0 0 189.731 0 0 2683.95
0.229 0 0 0 0 0 0 0 0 0 0 0 0 189.731 0 0 2683.95
0.229 0 0 0 0 0 0 0 0 0 0 0 0 189.731 0 0 2683.95
0.229 0 0 0 0 0 0 0 0 0 0 0 0 189.731 0 0 2683.95
0.229 0 0 0 0 0 0 0 0 0 0 0 0 189.731 0 0 2683.95
0.249 0 0 0 0 0 0 0 0 0 0 0 0 189.731 0 0 2683.95
0.239 0 0 0 0 0 0 0 0 0 0 0 0 189.731 0 0 2683.95
0.239 0 0 0 0 0 0 0 0 0 0 0 0 189.731 0 0 2683.95
0.239 0 0 0 0 0 0 0 0 0 0 0 0 189.731 0 0 2683.95
0.239 0 0 0 0 0 0 0 0 0 0 0 0 189.731 0 0 2683.95
0.249 0 0 0 0 0 0 0 0 0 0 0 0 189.731 0 0 2683.95
0.239 0 0 0 0 0 0 0 0 0 0 0 0 189.731 0 0 2683.95
0.239 0 0 0 0 0 0 0 0 0 0 0 0 189.731 0 0 2683.95
0.239 0 0 0 0 0 0 0 0 0 0 0 0 189.731 0 0 2683.95
0.239 0 0 0 0 0 0 0 0 0 0 0 0 189.731 0 0 2683.95
0.239 0 0 0 0 0 0 0 0 0 0 0 0 189.731 0 0 2683.95
0.239 0 0 0 0 0 0 0 0 0 0 0 0 189.731 0 0 2683.95
0.239 0 0 0 0 0 0 0 0 0 0 0 0 189.731 0 0 2683.95
0.239 0 0 0 0 0 0 0 0 0 0 0 0 189.731 0 0 2683.95
0.259 0 0 0 0 0 0 0 0 0 0 0 0 189.731 0 0 2683.95
0.249 0 0 0 0 0 0 0 0 0 0 0 0 189.731 0 0 2683.95
0.249 0 0 0 0 0 0 0 0 0 0 0 0 189.731 0 0 2683.95
0.249 0 0 0 0 0 0 0 0 0 0 0 0 189.731 0 0 2683.95
0.249 0 0 0 0 0 0 0 0 0 0 0 0 189.731 0 0 2683.95
0.259 0 0 0 0 0 0 0 0 0 0 0 0 189.731 0 0 2683.95
0.249 0 0 0 0 0 0 0 0 0 0 0 0 189.731 0 0 2683.95
0.249 0 0 0 0 0 0 0 0 0 0 0 0 189.731 0 0 2683.95
0.249 0 0 0 0 0 0 0 0 0 0 0 0 189.731 0 0 2683.95
0.249 0 0 0 0 0 0 0 0 0 0 0 0 189.731 0 0 2683.95
0.249 0 0 0 0 0 0 0 0 0 0 0 0 189.731 0 0 2683.95
0.249 0 0 0 0 0 0 0 0 0 0 0 0 189.731 0 0 2683.95
0.249 0 0 0 0 0 0 0 0 0 0 0 0 189.731 0 0 2683.95
0.249 0 0 0 0 0 0 0 0 0 0 0 0 189.731 0 0 2683.95
0.259 0 0 0 0 0 0 0 0 0 0 0 0 189.731 0 0 2683.95
0.259 0 0 0 0 0 0 0 0 0 0 0 0 189.731 0 0 2683.95
0.269 0 0 0 0 0 0 0 0 0 0 0 0 189.731 0 0 2683.95
0.259 0 0 0 0 0 0 0 0 0 0 0 0 189.731 0 0 2683.95
0.259 0 0 0 0 0 0 0 0 0 0 0 0 189.731 0 0 2683.95
0.259 0 0 0 0 0 0 0 0 0 0 0 0 189.731 0 0 2683.95
0.259 0 0 0 0 0 0 0 0 0 0 0 0 189.731 0 0 2683.95
0.259 0 0 0 0 0 0 0 0 0 0 0 0 189.731 0 0 2683.95
0.259 0 0 0 0 0 0 0 0 0 0 0 0 189.731 0 0 2683.95
0.259 0 0 0 0 0 0 0 0 0 0 0 0 189.731 0 0 2683.95
0.269 0 0 0 0 0 0 0 0 0 0 0 0 189.731 0 0 2683.95
0.259 0 0 0 0 0 0 0 0 0 0 0 0 189.731 0 0 2683.95
0.259 0 0 0 0 0 0 0 0 0 0 0 0 189.731 0 0 2683.95
0.259 0 0 0 0 0 0 0 0 0 0 0 0 189.731 0 0 2683.95
0.269 0 0 0 0 0 0 0 0 0 0 0 0 189.731 0 0 2683.95
0.269 0 0 0 0 0 0 0 0 0 0 0 0 189.731 0 0 2683.95
0.269 0 0 0 0 0 0 0 0 0 0 0 0 189.731 0 0 2683.95
0.279 0 0 0 0 0 0 0 0 0 0 0 0 189.731 0 0 2683.95
0.269 0 0 0 0 0 0 0 0 0 0 0 0 189.731 0 0 2683.95
0.269 0 0 0 0 0 0 0 0 0 0 0 0 189.731 0 0 2683.95
0.269 0 0 0 0 0 0 0 0 0 0 0 0 189.731 0 0 2683.95
0.269 0 0 0 0 0 0 0 0 0 0 0 0 189.731 0 0 2683.95
0.269 0 0 0 0 0 0 0 0 0 0 0 0 189.731 0 0 2683.95
0.269 0 0 0 0 0 0 0 0 0 0 0 0 189.731 0 0 2683.95
0.269 0 0 0 0 0 0 0 0 0 0 0 0 189.731 0 0 2683.95
0.269 0 0 0 0 0 0 0 0 0 0 0 0 189.731 0 0 2683.95
0.279 0 0 0 0 0 0 0 0 0 0 0 0 189.731 0 0 2683.95
0.269 0 0 0 0 0 0 0 0 0 0 0 0 189.731 0 0 2683.95
0.279 0 0 0 0 0 0 0 0 0 0 0 0 189.731 0 0 2683.95
0.279 0 0 0 0 0 0 0 0 0 0 0 0 189.731 0 0 2683.95
0.289 0 0 0 0 0 0 0 0 0 0 0 0 189.731 0 0 2683.95
0.279 0 0 0 0 0 0 0 0 0 0 0 0 189.731 0 0 2683.95
0.279 0 0 0 0 0 0 0 0 0 0 0 0 189.731 0 0 2683.95
0.279 0 0 0 0 0 0 0 0 0 0 0 0 189.731 0 0 2683.95
0.279 0 0 0 0 0 0 0 0 0 0 0 0 189.731 0 0 2683.95
0.279 0 0 0 0 0 0 0 0 0 0 0 0 189.731 0 0 2683.95
0.279 0 0 0 0 0 0 0 0 0 0 0 0 189.731 0 0 2683.95
0.279 0 0 0 0 0 0 0 0 0 0 0 0 189.731 0 0 2683.95
0.279 0 0 0 0 0 0 0 0 0 0 0 0 189.731 0 0 2683.95
0.279 0 0 0 0 0 0 0 0 0 0 0 0 189.731 0 0 2683.95
0.289 0 0 0 0 0 0 0 0 0 0 0 0 189.731 0 0 2683.95
0.279 0 0 0 0 0 0 0 0 0 0 0 0 189.731 0 0 2683.95
0.289 0 0 0 0 0 0 0 0 0 0 0 0 189.731 0 0 2683.95
0.289 0 0 0 0 0 0 0 0 0 0 0 0 189.731 0 0 2683.95
0.299 0 0 0 0 0 0 0 0 0 0 0 0 189.731 0 0 2683.95
0.289 0 0 0 0 0 0 0 0 0 0 0 0 189.731 0 0 2683.95
0.289 0 0 0 0 0 0 0 0 0 0 0 0 189.731 0 0 2683.95
0.289 0 0 0 0 0 0 0 0 0 0 0 0 189.731 0 0 2683.95
0.289 0 0 0 0 0 0 0 0 0 0 0 0 189.731 0 0 2683.95
0.289 0 0 0 0 0 0 0 0 0 0 0 0 189.731 0 0 2683.95
0.289 0 0 0 0 0 0 0 0 0 0 0 0 189.731 0 0 2683.95
0.289 0 0 0 0 0 0 0 0 0 0 0 0 189.731 0 0 2683.95
0.289 0 0 0 0 0 0 0 0 0 0 0 0 189.731 0 0 2683.95
0.289 0 0 0 0 0 0 0 0 0 0 0 0 189.731 0 0 2683.95
0.299 0 0 0 0 0 0 0 0 0 0 0 0 189.731 0 0 2683.95
0.289 0 0 0 0 0 0 0 0 0 0 0 0 189.731 0 0 2683.95
0.309 0 0 0 0 0 0 0 0 0 0 0 0 189.731 0 0 2683.95
0.299 0 0 0 0 0 0 0 0 0 0 0 0 189.731 0 0 2683.95
0.299 0 0 0 0 0 0 0 0 0 0 0 0 189.731 0 0 2683.95
0.299 0 0 0 0 0 0 0 0 0 0 0 0 189.731 0 0 2683.95
0.299 0 0 0 0 0 0 0 0 0 0 0 0 189.731 0 0 2683.95
0.299 0 0 0 0 0 0 0 0 0 0 0 0 189.731 0 0 2683.95
0.299 0 0 0 0 0 0 0 0 0 0 0 0 189.731 0 0 2683.95
0.299 0 0 0 0 0 0 0 0 0 0 0 0 189.731 0 0 2683.95
0.309 0 0 0 0 0 0 0 0 0 0 0 0 189.731 0 0 2683.95
0.299 0 0 0 0 0 0 0 0 0 0 0 0 189.731 0 0 2683.95
0.299 0 0 0 0 0 0 0 0 0 0 0 0 189.731 0 0 2683.95
0.299 0 0 0 0 0 0 0 0 0 0 0 0 189.731 0 0 2683.95
0.299 0 0 0 0 0 0 0 0 0 0 0 0 189.731 0 0 2683.95
0.299 0 0 0 0 0 0 0 0 0 0 0 0 189.731 0 0 2683.95
0.319 0 0 0 0 0 0 0 0 0 0 0 0 189.731 0 0 2683.95
0.309 0 0 0 0 0 0 0 0 0 0 0 0 189.731 0 0 2683.95
0.309 0 0 0 0 0 0 0 0 0 0 0 0 189.731 0 0 2683.95
0.309 0 0 0 0 0 0 0 0 0 0 0 0 189.731 0 0 2683.95
0.319 0 0 0 0 0 0 0 0 0 0 0 0 189.731 0 0 2683.95
0.309 0 0 0 0 0 0 0 0 0 0 0 0 189.731 0 0 2683.95
0.309 0 0 0 0 0 0 0 0 0 0 0 0 189.731 0 0 2683.95
0.309 0 0 0 0 0 0 0 0 0 0 0 0 189.731 0 0 2683.95
0.309 0 0 0 0 0 0 0 0 0 0 0 0 189.731 0 0 2683.95
0.309 0 0 0 0 0 0 0 0 0 0 0 0 189.731 0 0 2683.95
0.309 0 0 0 0 0 0 0 0 0 0 0 0 189.731 0 0 2683.95
0.309 0 0 0 0 0 0 0 0 0 0 0 0 189.731 0 0 2683.95
0.309 0 0 0 0 0 0 0 0 0 0 0 0 189.731 0 0 2683.95
0.309 0 0 0 0 0 0 0 0 0 0 0 0 189.731 0 0 2683.95
0.329 0 0 0 0 0 0 0 0 0 0 0 0 189.731 0 0 2683.95
0.319 0 0 0 0 0 0 0 0 0 0 0 0 189.731 0 0 2683.95
0.319 0 0 0 0 0 0 0 0 0 0 0 0 189.731 0 0 2683.95
0.319 0 0 0 0 0 0 0 0 0 0 0 0 189.731 0 0 2683.95
0.329 0 0 0 0 0 0 0 0 0 0 0 0 189.731 0 0 2683.95
0.319 0 0 0 0 0 0 0 0 0 0 0 0 189.731 0 0 2683.95
0.319 0 0 0 0 0 0 0 0 0 0 0 0 189.731 0 0 2683.95
0.319 0 0 0 0 0 0 0 0 0 0 0 0 189.731 0 0 2683.95
0.319 0 0 0 0 0 0 0 0 0 0 0 0 189.731 0 0 2683.95
0.319 0 0 0 0 0 0 0 0 0 0 0 0 189.731 0 0 2683.95
0.319 0 0 0 0 0 0 0 0 0 0 0 0 189.731 0 0 2683.95
0.319 0 0 0 0 0 0 0 0 0 0 0 0 189.731 0 0 2683.95
0.319 0 0 0 0 0 0 0 0 0 0 0 0 189.731 0 0 2683.95
0.339 0 0 0 0 0 0 0 0 0 0 0 0 189.731 0 0 2683.95
0.319 0 0 0 0 0 0 0 0 0 0 0 0 189.731 0 0 2683.95
0.329 0 0 0 0 0 0 0 0 0 0 0 0 189.731 0 0 2683.95
0.329 0 0 0 0 0 0 0 0 0 0 0 0 189.731 0 0 2683.95
0.329 0 0 0 0 0 0 0 0 0 0 0 0 189.731 0 0 2683.95
0.339 0 0 0 0 0 0 0 0 0 0 0 0 189.731 0 0 2683.95
0.329 0 0 0 0 0 0 0 0 0 0 0 0 189.731 0 0 2683.95
0.329 0 0 0 0 0 0 0 0 0 0 0 0 189.731 0 0 2683.95
0.329 0 0 0 0 0 0 0 0 0 0 0 0 189.731 0 0 2683.95
0.329 0 0 0 0 0 0 0 0 0 0 0 0 189.731 0 0 2683.95
0.329 0 0 0 0 0 0 0 0 0 0 0 0 189.731 0 0 2683.95
0.329 0 0 0 0 0 0 0 0 0 0 0 0 189.731 0 0 2683.95
0.329 0 0 0 0 0 0 0 0 0 0 0 0 189.731 0 0 2683.95
0.329 0 0 0 0 0 0 0 0 0 0 0 0 189.731 0 0 2683.95
0.349 0 0 0 0 0 0 0 0 0 0 0 0 189.731 0 0 2683.95
0.329 0 0 0 0 0 0 0 0 0 0 0 0 189.731 0 0 2683.95
0.339 0 0 0 0 0 0 0 0 0 0 0 0 189.731 0 0 2683.95
0.339 0 0 0 0 0 0 0 0 0 0 0 0 189.731 0 0 2683.95
0.339 0 0 0 0 0 0 0 0 0 0 0 0 189.731 0 0 2683.95
0.349 0 0 0 0 0 0 0 0 0 0 0 0 189.731 0 0 2683.95
0.339 0 0 0 0 0 0 0 0 0 0 0 0 189.731 0 0 2683.95
0.339 0 0 0 0 0 0 0 0 0 0 0 0 189.731 0 0 2683.95
0.339 0 0 0 0 0 0 0 0 0 0 0 0 189.731 0 0 2683.95
0.339 0 0 0 0 0 0 0 0 0 0 0 0 189.731 0 0 2683.95
0.339 0 0 0 0 0 0 0 0 0 0 0 0 189.731 0 0 2683.95
0.339 0 0 0 0 0 0 0 0 0 0 0 0 189.731 0 0 2683.95
0.339 0 0 0 0 0 0 0 0 0 0 0 0 189.731 0 0 2683.95
0.339 0 0 0 0 0 0 0 0 0 0 0 0 189.731 0 0 2683.95
0.339 0 0 0 0 0 0 0 0 0 0 0 0 189.731 0 0 2683.95
0.359 0 0 0 0 0 0 0 0 0 0 0 0 189.731 0 0 2683.95
0.349 0 0 0 0 0 0 0 0 0 0 0 0 189.731 0 0 2683.95
0.349 0 0 0 0 0 0 0 0 0 0 0 0 189.731 0 0 2683.95
0.349 0 0 0 0 0 0 0 0 0 0 0 0 189.731 0 0 2683.95
0.349 0 0 0 0 0 0 0 0 0 0 0 0 189.731 0 0 2683.95
0.349 0 0 0 0 0 0 0 0 0 0 0 0 189.731 0 0 2683.95
0.349 0 0 0 0 0 0 0 0 0 0 0 0 189.731 0 0 2683.95
0.349 0 0 0 0 0 0 0 0 0 0 0 0 189.731 0 0 2683.95
0.349 0 0 0 0 0 0 0 0 0 0 0 0 189.731 0 0 2683.95
0.359 0 0 0 0 0 0 0 0 0 0 0 0 189.731 0 0 2683.95
0.349 0 0 0 0 0 0 0 0 0 0 0 0 189.731 0 0 2683.95
0.349 0 0 0 0 0 0 0 0 0 0 0 0 189.731 0 0 2683.95
0.349 0 0 0 0 0 0 0 0 0 0 0 0 189.731 0 0 2683.95
0.349 0 0 0 0 0 0 0 0 0 0 0 0 189.731 0 0 2683.95
0.359 0 0 0 0 0 0 0 0 0 0 0 0 189.731 0 0 2683.95
0.369 0 0 0 0 0 0 0 0 0 0 0 0 189.731 0 0 2683.95
0.359 0 0 0 0 0 0 0 0 0 0 0 0 189.731 0 0 2683.95
0.359 0 0 0 0 0 0 0 0 0 0 0 0 189.731 0 0 2683.95
0.359 0 0 0 0 0 0 0 0 0 0 0 0 189.731 0 0 2683.95
0.359 0 0 0 0 0 0 0 0 0 0 0 0 189.731 0 0 2683.95
0.359 0 0 0 0 0 0 0 0 0 0 0 0 189.731 0 0 2683.95
0.359 0 0 0 0 0 0 0 0 0 0 0 0 189.731 0 0 2683.95
0.359 0 0 0 0 0 0 0 0 0 0 0 0 189.731 0 0 2683.95
0.359 0 0 0 0 0 0 0 0 0 0 0 0 189.731 0 0 2683.95
0.369 0 0 0 0 0 0 0 0 0 0 0 0 189.731 0 0 2683.95
0.359 0 0 0 0 0 0 0 0 0 0 0 0 189.731 0 0 2683.95
0.359 0 0 0 0 0 0 0 0 0 0 0 0 189.731 0 0 2683.95
0.359 0 0 0 0 0 0 0 0 0 0 0 0 189.731 0 0 2683.95
0.379 0 0 0 0 0 0 0 0 0 0 0 0 189.731 0 0 2683.95
0.369 0 0 0 0 0 0 0 0 0 0 0 0 189.731 0 0 2683.95
0.369 0 0 0 0 0 0 0 0 0 0 0 0 189.731 0 0 2683.95
0.369 0 0 0 0 0 0 0 0 0 0 0 0 189.731 0 0 2683.95
0.379 0 0 0 0 0 0 0 0 0 0 0 0 189.731 0 0 2683.95
0.369 0 0 0 0 0 0 0 0 0 0 0 0 189.731 0 0 2683.95
0.369 0 0 0 0 0 0 0 0 0 0 0 0 189.731 0 0 2683.95
0.369 0 0 0 0 0 0 0 0 0 0 0 0 189.731 0 0 2683.95
0.369 0 0 0 0 0 0 0 0 0 0 0 0 189.731 0 0 2683.95
0.369 0 0 0 0 0 0 0 0 0 0 0 0 189.731 0 0 2683.95
0.369 0 0 0 0 0 0 0 0 0 0 0 0 189.731 0 0 2683.95
0.369 0 0 0 0 0 0 0 0 0 0 0 0 189.731 0 0 2683.95
0.369 0 0 0 0 0 0 0 0 0 0 0 0 189.731 0 0 2683.95
0.389 0 0 0 0 0 0 0 0 0 0 0 0 189.731 0 0 2683.95
0.369 0 0 0 0 0 0 0 0 0 0 0 0 189.731 0 0 2683.95
0.379 0 0 0 0 0 0 0 0 0 0 0 0 189.731 0 0 2683.95
0.379 0 0 0 0 0 0 0 0 0 0 0 0 189.731 0 0 2683.95
0.389 0 0 0 0 0 0 0 0 0 0 0 0 189.731 0 0 2683.95
0.379 0 0 0 0 0 0 0 0 0 0 0 0 189.731 0 0 2683.95
0.379 0 0 0 0 0 0 0 0 0 0 0 0 189.731 0 0 2683.95
0.379 0 0 0 0 0 0 0 0 0 0 0 0 189.731 0 0 2683.95
0.379 0 0 0 0 0 0 0 0 0 0 0 0 189.731 0 0 2683.95
0.379 0 0 0 0 0 0 0 0 0 0 0 0 189.731 0 0 2683.95
0.379 0 0 0 0 0 0 0 0 0 0 0 0 189.731 0 0 2683.95
0.379 0 0 0 0 0 0 0 0 0 0 0 0 189.731 0 0 2683.95
0.379 0 0 0 0 0 0 0 0 0 0 0 0 189.731 0 0 2683.95
0.399 0 0 0 0 0 0 0 0 0 0 0 0 189.731 0 0 2683.95
0.379 0 0 0 0 0 0 0 0 0 0 0 0 189.731 0 0 2683.95
0.379 0 0 0 0 0 0 0 0 0 0 0 0 189.731 0 0 2683.95
0.389 0 0 0 0 0 0 0 0 0 0 0 0 189.731 0 0 2683.95
0.389 0 0 0 0 0 0 0 0 0 0 0 0 189.731 0 0 2683.95
0.399 0 0 0 0 0 0 0 0 0 0 0 0 189.731 0 0 2683.95
0.389 0 0 0 0 0 0 0 0 0 0 0 0 189.731 0 0 2683.95
0.389 0 0 0 0 0 0 0 0 0 0 0 0 189.731 0 0 2683.95
0.389 0 0 0 0 0 0 0 0 0 0 0 0 189.731 0 0 2683.95
0.389 0 0 0 0 0 0 0 0 0 0 0 0 189.731 0 0 2683.95
0.389 0 0 0 0 0 0 0 0 0 0 0 0 189.731 0 0 2683.95
0.389 0 0 0 0 0 0 0 0 0 0 0 0 189.731 0 0 2683.95
0.389 0 0 0 0 0 0 0 0 0 0 0 0 189.731 0 0 2683.95
0.389 0 0 0 0 0 0 0 0 0 0 0 0 189.731 0 0 2683.95
0.409 0 0 0 0 0 0 0 0 0 0 0 0 189.731 0 0 2683.95
0.389 0 0 0 0 0 0 0 0 0 0 0 0 189.731 0 0 2683.95
0.389 0 0 0 0 0 0 0 0 0 0 0 0 189.731 0 0 2683.95
0.399 0 0 0 0 0 0 0 0 0 0 0 0 189.731 0 0 2683.95
0.399 0 0 0 0 0 0 0 0 0 0 0 0 189.731 0 0 2683.95
0.409 0 0 0 0 0 0 0 0 0 0 0 0 189.731 0 0 2683.95
0.399 0 0 0 0 0 0 0 0 0 0 0 0 189.731 0 0 2683.95
0.399 0 0 0 0 0 0 0 0 0 0 0 0 189.731 0 0 2683.95
0.399 0 0 0 0 0 0 0 0 0 0 0 0 189.731 0 0 2683.95
0.399 0 0 0 0 0 0 0 0 0 0 0 0 189.731 0 0 2683.95
0.399 0 0 0 0 0 0 0 0 0 0 0 0 189.731 0 0 2683.95
0.399 0 0 0 0 0 0 0 0 0 0 0 0 189.731 0 0 2683.95
0.399 0 0 0 0 0 0 0 0 0 0 0 0 189.731 0 0 2683.95
0.399 0 0 0 0 0 0 0 0 0 0 0 0 189.731 0 0 2683.95
0.419 0 0 0 0 0 0 0 0 0 0 0 0 189.731 0 0 2683.95
0.399 0 0 0 0 0 0 0 0 0 0 0 0 189.731 0 0 2683.95
0.399 0 0 0 0 0 0 0 0 0 0 0 0 189.731 0 0 2683.95
0.409 0 0 0 0 0 0 0 0 0 0 0 0 189.731 0 0 2683.95
0.409 0 0 0 0 0 0 0 0 0 0 0 0 189.731 0 0 2683.95
0.419 0 0 0 0 0 0 0 0 0 0 0 0 189.731 0 0 2683.95
0.409 0 0 0 0 0 0 0 0 0 0 0 0 189.731 0 0 2683.95
0.409 0 0 0 0 0 0 0 0 0 0 0 0 189.731 0 0 2683.95
0.409 0 0 0 0 0 0 0 0 0 0 0 0 189.731 0 0 2683.95
0.409 0 0 0 0 0 0 0 0 0 0 0 0 189.731 0 0 2683.95
0.409 0 0 0 0 0 0 0 0 0 0 0 0 189.731 0 0 2683.95
0.409 0 0 0 0 0 0 0 0 0 0 0 0 189.731 0 0 2683.95
0.409 0 0 0 0 0 0 0 0 0 0 0 0 189.731 0 0 2683.95
0.409 0 0 0 0 0 0 0 0 0 0 0 0 189.731 0 0 2683.95
0.429 0 0 0 0 0 0 0 0 0 0 0 0 189.731 0 0 2683.95
0.409 0 0 0 0 0 0 0 0 0 0 0 0 189.731 0 0 2683.95
0.409 0 0 0 0 0 0 0 0 0 0 0 0 189.731 0 0 2683.95
0.419 0 0 0 0 0 0 0 0 0 0 0 0 189.731 0 0 2683.95
0.419 0 0 0 0 0 0 0 0 0 0 0 0 189.731 0 0 2683.95
0.429 0 0 0 0 0 0 0 0 0 0 0 0 189.731 0 0 2683.95
0.419 0 0 0 0 0 0 0 0 0 0 0 0 189.731 0 0 2683.95
0.419 0 0 0 0 0 0 0 0 0 0 0 0 189.731 0 0 2683.95
0.419 0 0 0 0 0 0 0 0 0 0 0 0 189.731 0 0 2683.95
0.419 0 0 0 0 0 0 0 0 0 0 0 0 189.731 0 0 2683.95
0.419 0 0 0 0 0 0 0 0 0 0 0 0 189.731 0 0 2683.95
0.419 0 0 0 0 0 0 0 0 0 0 0 0 189.731 0 0 2683.95
0.419 0 0 0 0 0 0 0 0 0 0 0 0 189.731 0 0 2683.95
0.419 0 0 0 0 0 0 0 0 0 0 0 0 189.731 0 0 2683.95
0.419 0 0 0 0 0 0 0 0 0 0 0 0 189.731 0 0 2683.95
0.439 0 0 0 0 0 0 0 0 0 0 0 0 189.731 0 0 2683.95
0.419 0 0 0 0 0 0 0 0 0 0 0 0 189.731 0 0 2683.95
0.429 0 0 0 0 0 0 0 0 0 0 0 0 189.731 0 0 2683.95
0.429 0 0 0 0 0 0 0 0 0 0 0 0 189.731 0 0 2683.95
0.429 0 0 0 0 0 0 0 0 0 0 0 0 189.731 0 0 2683.95
0.429 0 0 0 0 0 0 0 0 0 0 0 0 189.731 0 0 2683.95
0.429 0 0 0 0 0 0 0 0 0 0 0 0 189.731 0 0 2683.95
0.429 0 0 0 0 0 0 0 0 0 0 0 0 189.731 0 0 2683.95
0.439 0 0 0 0 0 0 0 0 0 0 0 0 189.731 0 0 2683.95
0.429 0 0 0 0 0 0 0 0 0 0 0 0 189.731 0 0 2683.95
0.429 0 0 0 0 0 0 0 0 0 0 0 0 189.731 0 0 2683.95
0.429 0 0 0 0 0 0 0 0 0 0 0 0 189.731 0 0 2683.95
0.429 0 0 0 0 0 0 0 0 0 0 0 0 189.731 0 0 2683.95
0.429 0 0 0 0 0 0 0 0 0 0 0 0 189.731 0 0 2683.95
0.449 0 0 0 0 0 0 0 0 0 0 0 0 189.731 0 0 2683.95
0.429 0 0 0 0 0 0 0 0 0 0 0 0 189.731 0 0 2683.95
0.439 0 0 0 0 0 0 0 0 0 0 0 0 189.731 0 0 2683.95
0.439 0 0 0 0 0 0 0 0 0 0 0 0 189.731 0 0 2683.95
0.449 0 0 0 0 0 0 0 0 0 0 0 0 189.731 0 0 2683.95
0.439 0 0 0 0 0 0 0 0 0 0 0 0 189.731 0 0 2683.95
0.439 0 0 0 0 0 0 0 0 0 0 0 0 189.731 0 0 2683.95
0.439 0 0 0 0 0 0 0 0 0 0 0 0 189.731 0 0 2683.95
0.439 0 0 0 0 0 0 0 0 0 0 0 0 189.731 0 0 2683.95
0.439 0 0 0 0 0 0 0 0 0 0 0 0 189.731 0 0 2683.95
0.439 0 0 0 0 0 0 0 0 0 0 0 0 189.731 0 0 2683.95
0.439 0 0 0 0 0 0 0 0 0 0 0 0 189.731 0 0 2683.95
0.459 0 0 0 0 0 0 0 0 0 0 0 0 189.731 0 0 2683.95
0.439 0 0 0 0 0 0 0 0 0 0 0 0 189.731 0 0 2683.95
0.439 0 0 0 0 0 0 0 0 0 0 0 0 189.731 0 0 2683.95
