0.009 13623.4 13623.4 13623.4 13623.4 13623.4 13623.4 13623.4 13623.4 13623.4 10617.9 3005.46 8461.54 2156.4 8461.54 8461.54 8461.54 8461.54 8461.54 8461.54
0.009 13623.4 13623.4 13623.4 13623.4 13623.4 13623.4 13623.4 13623.4 13623.4 10617.9 3005.46 8461.54 2156.4 8461.54 8461.54 8461.54 8461.54 8461.54 8461.54
0.009 13623.4 13623.4 13623.4 13623.4 13623.4 13623.4 13623.4 13623.4 13623.4 10617.9 3005.46 8461.54 2156.4 8461.54 8461.54 8461.54 8461.54 8461.54 8461.54
0.009 13623.4 13623.4 13623.4 13623.4 13623.4 13623.4 13623.4 13623.4 13623.4 10617.9 3005.46 8461.54 2156.4 8461.54 8461.54 8461.54 8461.54 8461.54 8461.54
0.009 13623.4 13623.4 13623.4 13623.4 13623.4 13623.4 13623.4 13623.4 13623.4 10617.9 3005.46 8461.54 2156.4 8461.54 8461.54 8461.54 8461.54 8461.54 8461.54
0.009 13623.4 13623.4 13623.4 13623.4 13623.4 13623.4 13623.4 13623.4 13623.4 10617.9 3005.46 8461.54 2156.4 8461.54 8461.54 8461.54 8461.54 8461.54 8461.54
0.009 13623.4 13623.4 13623.4 13623.4 13623.4 13623.4 13623.4 13623.4 13623.4 10617.9 3005.46 8461.54 2156.4 8461.54 8461.54 8461.54 8461.54 8461.54 8461.54
0.009 13623.4 13623.4 13623.4 13623.4 13623.4 13623.4 13623.4 13623.4 13623.4 10617.9 3005.46 8461.54 2156.4 8461.54 8461.54 8461.54 8461.54 8461.54 8461.54
0.009 13623.4 13623.4 13623.4 13623.4 13623.4 13623.4 13623.4 13623.4 13623.4 10617.9 3005.46 8461.54 2156.4 8461.54 8461.54 8461.54 8461.54 8461.54 8461.54
0.009 13623.4 13623.4 13623.4 13623.4 13623.4 13623.4 13623.4 13623.4 13623.4 10617.9 3005.46 8461.54 2156.4 8461.54 8461.54 8461.54 8461.54 8461.54 8461.54
0.009 13623.4 13623.4 13623.4 13623.4 13623.4 13623.4 13623.4 13623.4 13623.4 10617.9 3005.46 8461.54 2156.4 8461.54 8461.54 8461.54 8461.54 8461.54 8461.54
0.009 13623.4 13623.4 13623.4 13623.4 13623.4 13623.4 13623.4 13623.4 13623.4 10617.9 3005.46 8461.54 2156.4 8461.54 8461.54 8461.54 8461.54 8461.54 8461.54
0.009 13623.4 13623.4 13623.4 13623.4 13623.4 13623.4 13623.4 13623.4 13623.4 10617.9 3005.46 8461.54 2156.4 8461.54 8461.54 8461.54 8461.54 8461.54 8461.54
0.009 13623.4 13623.4 13623.4 13623.4 13623.4 13623.4 13623.4 13623.4 13623.4 10617.9 3005.46 8461.54 2156.4 8461.54 8461.54 8461.54 8461.54 8461.54 8461.54
0.019 13623.4 13623.4 13623.4 13623.4 13623.4 13623.4 13623.4 13623.4 13623.4 10617.9 3005.46 8461.54 2156.4 8461.54 8461.54 8461.54 8461.54 8461.54 8461.54
0.019 13623.4 13623.4 13623.4 13623.4 13623.4 13623.4 13623.4 13623.4 13623.4 10617.9 3005.46 8461.54 2156.4 8461.54 8461.54 8461.54 8461.54 8461.54 8461.54
0.019 13623.4 13623.4 13623.4 13623.4 13623.4 13623.4 13623.4 13623.4 13623.4 10617.9 3005.46 8461.54 2156.4 8461.54 8461.54 8461.54 8461.54 8461.54 8461.54
0.019 13623.4 13623.4 13623.4 13623.4 13623.4 13623.4 13623.4 13623.4 13623.4 10617.9 3005.46 8461.54 2156.4 8461.54 8461.54 8461.54 8461.54 8461.54 8461.54
0.019 13623.4 13623.4 13623.4 13623.4 13623.4 13623.4 13623.4 13623.4 13623.4 10617.9 3005.46 8461.54 2156.4 8461.54 8461.54 8461.54 8461.54 8461.54 8461.54
0.019 13623.4 13623.4 13623.4 13623.4 13623.4 13623.4 13623.4 13623.4 13623.4 10617.9 3005.46 8461.54 2156.4 8461.54 8461.54 8461.54 8461.54 8461.54 8461.54
0.019 13623.4 13623.4 13623.4 13623.4 13623.4 13623.4 13623.4 13623.4 13623.4 10617.9 3005.46 8461.54 2156.4 8461.54 8461.54 8461.54 8461.54 8461.54 8461.54
0.019 13623.4 13623.4 13623.4 13623.4 13623.4 13623.4 13623.4 13623.4 13623.4 10617.9 3005.46 8461.54 2156.4 8461.54 8461.54 8461.54 8461.54 8461.54 8461.54
0.019 13623.4 13623.4 13623.4 13623.4 13623.4 13623.4 13623.4 13623.4 13623.4 10617.9 3005.46 8461.54 2156.4 8461.54 8461.54 8461.54 8461.54 8461.54 8461.54
0.019 13623.4 13623.4 13623.4 13623.4 13623.4 13623.4 13623.4 13623.4 13623.4 10617.9 3005.46 8461.54 2156.4 8461.54 8461.54 8461.54 8461.54 8461.54 8461.54
0.019 13623.4 13623.4 13623.4 13623.4 13623.4 13623.4 13623.4 13623.4 13623.4 10617.9 3005.46 8461.54 2156.4 8461.54 8461.54 8461.54 8461.54 8461.54 8461.54
0.019 13623.4 13623.4 13623.4 13623.4 13623.4 13623.4 13623.4 13623.4 13623.4 10617.9 3005.46 8461.54 2156.4 8461.54 8461.54 8461.54 8461.54 8461.54 8461.54
0.019 13623.4 13623.4 13623.4 13623.4 13623.4 13623.4 13623.4 13623.4 13623.4 10617.9 3005.46 8461.54 2156.4 8461.54 8461.54 8461.54 8461.54 8461.54 8461.54
0.019 13623.4 13623.4 13623.4 13623.4 13623.4 13623.4 13623.4 13623.4 13623.4 10617.9 3005.46 8461.54 2156.4 8461.54 8461.54 8461.54 8461.54 8461.54 8461.54
0.029 13623.4 13623.4 13623.4 13623.4 13623.4 13623.4 13623.4 13623.4 13623.4 10617.9 3005.46 8461.54 2156.4 8461.54 8461.54 8461.54 8461.54 8461.54 8461.54
0.029 13623.4 13623.4 13623.4 13623.4 13623.4 13623.4 13623.4 13623.4 13623.4 10617.9 3005.46 8461.54 2156.4 8461.54 8461.54 8461.54 8461.54 8461.54 8461.54
0.029 13623.4 13623.4 13623.4 13623.4 13623.4 13623.4 13623.4 13623.4 13623.4 10617.9 3005.46 8461.54 2156.4 8461.54 8461.54 8461.54 8461.54 8461.54 8461.54
0.029 13623.4 13623.4 13623.4 13623.4 13623.4 13623.4 13623.4 13623.4 13623.4 10617.9 3005.46 8461.54 2156.4 8461.54 8461.54 8461.54 8461.54 8461.54 8461.54
0.029 13623.4 13623.4 13623.4 13623.4 13623.4 13623.4 13623.4 13623.4 13623.4 10617.9 3005.46 8461.54 2156.4 8461.54 8461.54 8461.54 8461.54 8461.54 8461.54
0.029 13623.4 13623.4 13623.4 13623.4 13623.4 13623.4 13623.4 13623.4 13623.4 10617.9 3005.46 8461.54 2156.4 8461.54 8461.54 8461.54 8461.54 8461.54 8461.54
0.029 13623.4 13623.4 13623.4 13623.4 13623.4 13623.4 13623.4 13623.4 13623.4 10617.9 3005.46 8461.54 2156.4 8461.54 8461.54 8461.54 8461.54 8461.54 8461.54
0.029 13623.4 13623.4 13623.4 13623.4 13623.4 13623.4 13623.4 13623.4 13623.4 10617.9 3005.46 8461.54 2156.4 8461.54 8461.54 8461.54 8461.54 8461.54 8461.54
0.029 13623.4 13623.4 13623.4 13623.4 13623.4 13623.4 13623.4 13623.4 13623.4 10617.9 3005.46 8461.54 2156.4 8461.54 8461.54 8461.54 8461.54 8461.54 8461.54
0.029 13623.4 13623.4 13623.4 13623.4 13623.4 13623.4 13623.4 13623.4 13623.4 10617.9 3005.46 8461.54 2156.4 8461.54 8461.54 8461.54 8461.54 8461.54 8461.54
0.029 13623.4 13623.4 13623.4 13623.4 13623.4 13623.4 13623.4 13623.4 13623.4 10617.9 3005.46 8461.54 2156.4 8461.54 8461.54 8461.54 8461.54 8461.54 8461.54
0.029 13623.4 13623.4 13623.4 13623.4 13623.4 13623.4 13623.4 13623.4 13623.4 10617.9 3005.46 8461.54 2156.4 8461.54 8461.54 8461.54 8461.54 8461.54 8461.54
0.029 13623.4 13623.4 13623.4 13623.4 13623.4 13623.4 13623.4 13623.4 13623.4 10617.9 3005.46 8461.54 2156.4 8461.54 8461.54 8461.54 8461.54 8461.54 8461.54
0.029 13623.4 13623.4 13623.4 13623.4 13623.4 13623.4 13623.4 13623.4 13623.4 10617.9 3005.46 8461.54 2156.4 8461.54 8461.54 8461.54 8461.54 8461.54 8461.54
0.039 13623.4 13623.4 13623.4 13623.4 13623.4 13623.4 13623.4 13623.4 13623.4 10617.9 3005.46 8461.54 2156.4 8461.54 8461.54 8461.54 8461.54 8461.54 8461.54
0.039 13623.4 13623.4 13623.4 13623.4 13623.4 13623.4 13623.4 13623.4 13623.4 10617.9 3005.46 8461.54 2156.4 8461.54 8461.54 8461.54 8461.54 8461.54 8461.54
0.039 13623.4 13623.4 13623.4 13623.4 13623.4 13623.4 13623.4 13623.4 13623.4 10617.9 3005.46 8461.54 2156.4 8461.54 8461.54 8461.54 8461.54 8461.54 8461.54
0.039 13623.4 13623.4 13623.4 13623.4 13623.4 13623.4 13623.4 13623.4 13623.4 10617.9 3005.46 8461.54 2156.4 8461.54 8461.54 8461.54 8461.54 8461.54 8461.54
0.039 13623.4 13623.4 13623.4 13623.4 13623.4 13623.4 13623.4 13623.4 13623.4 10617.9 3005.46 8461.54 2156.4 8461.54 8461.54 8461.54 8461.54 8461.54 8461.54
0.039 13623.4 13623.4 13623.4 13623.4 13623.4 13623.4 13623.4 13623.4 13623.4 10617.9 3005.46 8461.54 2156.4 8461.54 8461.54 8461.54 8461.54 8461.54 8461.54
0.039 13623.4 13623.4 13623.4 13623.4 13623.4 13623.4 13623.4 13623.4 13623.4 10617.9 3005.46 8461.54 2156.4 8461.54 8461.54 8461.54 8461.54 8461.54 8461.54
0.039 13623.4 13623.4 13623.4 13623.4 13623.4 13623.4 13623.4 13623.4 13623.4 10617.9 3005.46 8461.54 2156.4 8461.54 8461.54 8461.54 8461.54 8461.54 8461.54
0.039 13623.4 13623.4 13623.4 13623.4 13623.4 13623.4 13623.4 13623.4 13623.4 10617.9 3005.46 8461.54 2156.4 8461.54 8461.54 8461.54 8461.54 8461.54 8461.54
0.039 13623.4 13623.4 13623.4 13623.4 13623.4 13623.4 13623.4 13623.4 13623.4 10617.9 3005.46 8461.54 2156.4 8461.54 8461.54 8461.54 8461.54 8461.54 8461.54
0.039 13623.4 13623.4 13623.4 13623.4 13623.4 13623.4 13623.4 13623.4 13623.4 10617.9 3005.46 8461.54 2156.4 8461.54 8461.54 8461.54 8461.54 8461.54 8461.54
0.039 13623.4 13623.4 13623.4 13623.4 13623.4 13623.4 13623.4 13623.4 13623.4 10617.9 3005.46 8461.54 2156.4 8461.54 8461.54 8461.54 8461.54 8461.54 8461.54
0.039 13623.4 13623.4 13623.4 13623.4 13623.4 13623.4 13623.4 13623.4 13623.4 10617.9 3005.46 8461.54 2156.4 8461.54 8461.54 8461.54 8461.54 8461.54 8461.54
0.039 13623.4 13623.4 13623.4 13623.4 13623.4 13623.4 13623.4 13623.4 13623.4 10617.9 3005.46 8461.54 2156.4 8461.54 8461.54 8461.54 8461.54 8461.54 8461.54
0.049 13623.4 13623.4 13623.4 13623.4 13623.4 13623.4 13623.4 13623.4 13623.4 10617.9 3005.46 8461.54 2156.4 8461.54 8461.54 8461.54 8461.54 8461.54 8461.54
0.049 13623.4 13623.4 13623.4 13623.4 13623.4 13623.4 13623.4 13623.4 13623.4 10617.9 3005.46 8461.54 2156.4 8461.54 8461.54 8461.54 8461.54 8461.54 8461.54
0.049 13623.4 13623.4 13623.4 13623.4 13623.4 13623.4 13623.4 13623.4 13623.4 10617.9 3005.46 8461.54 2156.4 8461.54 8461.54 8461.54 8461.54 8461.54 8461.54
0.049 13623.4 13623.4 13623.4 13623.4 13623.4 13623.4 13623.4 13623.4 13623.4 10617.9 3005.46 8461.54 2156.4 8461.54 8461.54 8461.54 8461.54 8461.54 8461.54
0.049 13623.4 13623.4 13623.4 13623.4 13623.4 13623.4 13623.4 13623.4 13623.4 10617.9 3005.46 8461.54 2156.4 8461.54 8461.54 8461.54 8461.54 8461.54 8461.54
0.049 13623.4 13623.4 13623.4 13623.4 13623.4 13623.4 13623.4 13623.4 13623.4 10617.9 3005.46 8461.54 2156.4 8461.54 8461.54 8461.54 8461.54 8461.54 8461.54
0.049 13623.4 13623.4 13623.4 13623.4 13623.4 13623.4 13623.4 13623.4 13623.4 10617.9 3005.46 8461.54 2156.4 8461.54 8461.54 8461.54 8461.54 8461.54 8461.54
0.049 13623.4 13623.4 13623.4 13623.4 13623.4 13623.4 13623.4 13623.4 13623.4 10617.9 3005.46 8461.54 2156.4 8461.54 8461.54 8461.54 8461.54 8461.54 8461.54
0.049 13623.4 13623.4 13623.4 13623.4 13623.4 13623.4 13623.4 13623.4 13623.4 10617.9 3005.46 8461.54 2156.4 8461.54 8461.54 8461.54 8461.54 8461.54 8461.54
0.049 13623.4 13623.4 13623.4 13623.4 13623.4 13623.4 13623.4 13623.4 13623.4 10617.9 3005.46 8461.54 2156.4 8461.54 8461.54 8461.54 8461.54 8461.54 8461.54
0.049 13623.4 13623.4 13623.4 13623.4 13623.4 13623.4 13623.4 13623.4 13623.4 10617.9 3005.46 8461.54 2156.4 8461.54 8461.54 8461.54 8461.54 8461.54 8461.54
0.049 13623.4 13623.4 13623.4 13623.4 13623.4 13623.4 13623.4 13623.4 13623.4 10617.9 3005.46 8461.54 2156.4 8461.54 8461.54 8461.54 8461.54 8461.54 8461.54
0.049 13623.4 13623.4 13623.4 13623.4 13623.4 13623.4 13623.4 13623.4 13623.4 10617.9 3005.46 8461.54 2156.4 8461.54 8461.54 8461.54 8461.54 8461.54 8461.54
0.049 13623.4 13623.4 13623.4 13623.4 13623.4 13623.4 13623.4 13623.4 13623.4 10617.9 3005.46 8461.54 2156.4 8461.54 8461.54 8461.54 8461.54 8461.54 8461.54
0.059 13623.4 13623.4 13623.4 13623.4 13623.4 13623.4 13623.4 13623.4 13623.4 10617.9 3005.46 8461.54 2156.4 8461.54 8461.54 8461.54 8461.54 8461.54 8461.54
0.059 13623.4 13623.4 13623.4 13623.4 13623.4 13623.4 13623.4 13623.4 13623.4 10617.9 3005.46 8461.54 2156.4 8461.54 8461.54 8461.54 8461.54 8461.54 8461.54
0.059 13623.4 13623.4 13623.4 13623.4 13623.4 13623.4 13623.4 13623.4 13623.4 10617.9 3005.46 8461.54 2156.4 8461.54 8461.54 8461.54 8461.54 8461.54 8461.54
0.059 13623.4 13623.4 13623.4 13623.4 13623.4 13623.4 13623.4 13623.4 13623.4 10617.9 3005.46 8461.54 2156.4 8461.54 8461.54 8461.54 8461.54 8461.54 8461.54
0.059 13623.4 13623.4 13623.4 13623.4 13623.4 13623.4 13623.4 13623.4 13623.4 10617.9 3005.46 8461.54 2156.4 8461.54 8461.54 8461.54 8461.54 8461.54 8461.54
0.059 13623.4 13623.4 13623.4 13623.4 13623.4 13623.4 13623.4 13623.4 13623.4 10617.9 3005.46 8461.54 2156.4 8461.54 8461.54 8461.54 8461.54 8461.54 8461.54
0.059 13623.4 13623.4 13623.4 13623.4 13623.4 13623.4 13623.4 13623.4 13623.4 10617.9 3005.46 8461.54 2156.4 8461.54 8461.54 8461.54 8461.54 8461.54 8461.54
0.059 13623.4 13623.4 13623.4 13623.4 13623.4 13623.4 13623.4 13623.4 13623.4 10617.9 3005.46 8461.54 2156.4 8461.54 8461.54 8461.54 8461.54 8461.54 8461.54
0.059 13623.4 13623.4 13623.4 13623.4 13623.4 13623.4 13623.4 13623.4 13623.4 10617.9 3005.46 8461.54 2156.4 8461.54 8461.54 8461.54 8461.54 8461.54 8461.54
0.059 13623.4 13623.4 13623.4 13623.4 13623.4 13623.4 13623.4 13623.4 13623.4 10617.9 3005.46 8461.54 2156.4 8461.54 8461.54 8461.54 8461.54 8461.54 8461.54
0.059 13623.4 13623.4 13623.4 13623.4 13623.4 13623.4 13623.4 13623.4 13623.4 10617.9 3005.46 8461.54 2156.4 8461.54 8461.54 8461.54 8461.54 8461.54 8461.54
0.059 13623.4 13623.4 13623.4 13623.4 13623.4 13623.4 13623.4 13623.4 13623.4 10617.9 3005.46 8461.54 2156.4 8461.54 8461.54 8461.54 8461.54 8461.54 8461.54
0.059 13623.4 13623.4 13623.4 13623.4 13623.4 13623.4 13623.4 13623.4 13623.4 10617.9 3005.46 8461.54 2156.4 8461.54 8461.54 8461.54 8461.54 8461.54 8461.54
0.059 13623.4 13623.4 13623.4 13623.4 13623.4 13623.4 13623.4 13623.4 13623.4 10617.9 3005.46 8461.54 2156.4 8461.54 8461.54 8461.54 8461.54 8461.54 8461.54
0.069 13623.4 13623.4 13623.4 13623.4 13623.4 13623.4 13623.4 13623.4 13623.4 10617.9 3005.46 8461.54 2156.4 8461.54 8461.54 8461.54 8461.54 8461.54 8461.54
0.069 13623.4 13623.4 13623.4 13623.4 13623.4 13623.4 13623.4 13623.4 13623.4 10617.9 3005.46 8461.54 2156.4 8461.54 8461.54 8461.54 8461.54 8461.54 8461.54
0.069 13623.4 13623.4 13623.4 13623.4 13623.4 13623.4 13623.4 13623.4 13623.4 10617.9 3005.46 8461.54 2156.4 8461.54 8461.54 8461.54 8461.54 8461.54 8461.54
0.069 13623.4 13623.4 13623.4 13623.4 13623.4 13623.4 13623.4 13623.4 13623.4 10617.9 3005.46 8461.54 2156.4 8461.54 8461.54 8461.54 8461.54 8461.54 8461.54
0.069 13623.4 13623.4 13623.4 13623.4 13623.4 13623.4 13623.4 13623.4 13623.4 10617.9 3005.46 8461.54 2156.4 8461.54 8461.54 8461.54 8461.54 8461.54 8461.54
0.069 13623.4 13623.4 13623.4 13623.4 13623.4 13623.4 13623.4 13623.4 13623.4 10617.9 3005.46 8461.54 2156.4 8461.54 8461.54 8461.54 8461.54 8461.54 8461.54
0.069 13623.4 13623.4 13623.4 13623.4 13623.4 13623.4 13623.4 13623.4 13623.4 10617.9 3005.46 8461.54 2156.4 8461.54 8461.54 8461.54 8461.54 8461.54 8461.54
0.069 13623.4 13623.4 13623.4 13623.4 13623.4 13623.4 13623.4 13623.4 13623.4 10617.9 3005.46 8461.54 2156.4 8461.54 8461.54 8461.54 8461.54 8461.54 8461.54
0.069 13623.4 13623.4 13623.4 13623.4 13623.4 13623.4 13623.4 13623.4 13623.4 10617.9 3005.46 8461.54 2156.4 8461.54 8461.54 8461.54 8461.54 8461.54 8461.54
0.069 13623.4 13623.4 13623.4 13623.4 13623.4 13623.4 13623.4 13623.4 13623.4 10617.9 3005.46 8461.54 2156.4 8461.54 8461.54 8461.54 8461.54 8461.54 8461.54
0.069 13623.4 13623.4 13623.4 13623.4 13623.4 13623.4 13623.4 13623.4 13623.4 10617.9 3005.46 8461.54 2156.4 8461.54 8461.54 8461.54 8461.54 8461.54 8461.54
0.069 13623.4 13623.4 13623.4 13623.4 13623.4 13623.4 13623.4 13623.4 13623.4 10617.9 3005.46 8461.54 2156.4 8461.54 8461.54 8461.54 8461.54 8461.54 8461.54
0.069 13623.4 13623.4 13623.4 13623.4 13623.4 13623.4 13623.4 13623.4 13623.4 10617.9 3005.46 8461.54 2156.4 8461.54 8461.54 8461.54 8461.54 8461.54 8461.54
0.069 13623.4 13623.4 13623.4 13623.4 13623.4 13623.4 13623.4 13623.4 13623.4 10617.9 3005.46 8461.54 2156.4 8461.54 8461.54 8461.54 8461.54 8461.54 8461.54
0.079 13623.4 13623.4 13623.4 13623.4 13623.4 13623.4 13623.4 13623.4 13623.4 10617.9 3005.46 8461.54 2156.4 8461.54 8461.54 8461.54 8461.54 8461.54 8461.54
0.079 13623.4 13623.4 13623.4 13623.4 13623.4 13623.4 13623.4 13623.4 13623.4 10617.9 3005.46 8461.54 2156.4 8461.54 8461.54 8461.54 8461.54 8461.54 8461.54
0.079 13623.4 13623.4 13623.4 13623.4 13623.4 13623.4 13623.4 13623.4 13623.4 10617.9 3005.46 8461.54 2156.4 8461.54 8461.54 8461.54 8461.54 8461.54 8461.54
0.079 13623.4 13623.4 13623.4 13623.4 13623.4 13623.4 13623.4 13623.4 13623.4 10617.9 3005.46 8461.54 2156.4 8461.54 8461.54 8461.54 8461.54 8461.54 8461.54
0.079 13623.4 13623.4 13623.4 13623.4 13623.4 13623.4 13623.4 13623.4 13623.4 10617.9 3005.46 8461.54 2156.4 8461.54 8461.54 8461.54 8461.54 8461.54 8461.54
0.079 13623.4 13623.4 13623.4 13623.4 13623.4 13623.4 13623.4 13623.4 13623.4 10617.9 3005.46 8461.54 2156.4 8461.54 8461.54 8461.54 8461.54 8461.54 8461.54
0.079 13623.4 13623.4 13623.4 13623.4 13623.4 13623.4 13623.4 13623.4 13623.4 10617.9 3005.46 8461.54 2156.4 8461.54 8461.54 8461.54 8461.54 8461.54 8461.54
0.079 13623.4 13623.4 13623.4 13623.4 13623.4 13623.4 13623.4 13623.4 13623.4 10617.9 3005.46 8461.54 2156.4 8461.54 8461.54 8461.54 8461.54 8461.54 8461.54
0.079 13623.4 13623.4 13623.4 13623.4 13623.4 13623.4 13623.4 13623.4 13623.4 10617.9 3005.46 8461.54 2156.4 8461.54 8461.54 8461.54 8461.54 8461.54 8461.54
0.079 13623.4 13623.4 13623.4 13623.4 13623.4 13623.4 13623.4 13623.4 13623.4 10617.9 3005.46 8461.54 2156.4 8461.54 8461.54 8461.54 8461.54 8461.54 8461.54
0.079 13623.4 13623.4 13623.4 13623.4 13623.4 13623.4 13623.4 13623.4 13623.4 10617.9 3005.46 8461.54 2156.4 8461.54 8461.54 8461.54 8461.54 8461.54 8461.54
0.079 13623.4 13623.4 13623.4 13623.4 13623.4 13623.4 13623.4 13623.4 13623.4 10617.9 3005.46 8461.54 2156.4 8461.54 8461.54 8461.54 8461.54 8461.54 8461.54
0.079 13623.4 13623.4 13623.4 13623.4 13623.4 13623.4 13623.4 13623.4 13623.4 10617.9 3005.46 8461.54 2156.4 8461.54 8461.54 8461.54 8461.54 8461.54 8461.54
0.079 13623.4 13623.4 13623.4 13623.4 13623.4 13623.4 13623.4 13623.4 13623.4 10617.9 3005.46 8461.54 2156.4 8461.54 8461.54 8461.54 8461.54 8461.54 8461.54
0.089 13623.4 13623.4 13623.4 13623.4 13623.4 13623.4 13623.4 13623.4 13623.4 10617.9 3005.46 8461.54 2156.4 8461.54 8461.54 8461.54 8461.54 8461.54 8461.54
0.089 13623.4 13623.4 13623.4 13623.4 13623.4 13623.4 13623.4 13623.4 13623.4 10617.9 3005.46 8461.54 2156.4 8461.54 8461.54 8461.54 8461.54 8461.54 8461.54
0.089 13623.4 13623.4 13623.4 13623.4 13623.4 13623.4 13623.4 13623.4 13623.4 10617.9 3005.46 8461.54 2156.4 8461.54 8461.54 8461.54 8461.54 8461.54 8461.54
0.089 13623.4 13623.4 13623.4 13623.4 13623.4 13623.4 13623.4 13623.4 13623.4 10617.9 3005.46 8461.54 2156.4 8461.54 8461.54 8461.54 8461.54 8461.54 8461.54
0.089 13623.4 13623.4 13623.4 13623.4 13623.4 13623.4 13623.4 13623.4 13623.4 10617.9 3005.46 8461.54 2156.4 8461.54 8461.54 8461.54 8461.54 8461.54 8461.54
0.089 13623.4 13623.4 13623.4 13623.4 13623.4 13623.4 13623.4 13623.4 13623.4 10617.9 3005.46 8461.54 2156.4 8461.54 8461.54 8461.54 8461.54 8461.54 8461.54
0.089 13623.4 13623.4 13623.4 13623.4 13623.4 13623.4 13623.4 13623.4 13623.4 10617.9 3005.46 8461.54 2156.4 8461.54 8461.54 8461.54 8461.54 8461.54 8461.54
0.089 13623.4 13623.4 13623.4 13623.4 13623.4 13623.4 13623.4 13623.4 13623.4 10617.9 3005.46 8461.54 2156.4 8461.54 8461.54 8461.54 8461.54 8461.54 8461.54
0.089 13623.4 13623.4 13623.4 13623.4 13623.4 13623.4 13623.4 13623.4 13623.4 10617.9 3005.46 8461.54 2156.4 8461.54 8461.54 8461.54 8461.54 8461.54 8461.54
0.089 13623.4 13623.4 13623.4 13623.4 13623.4 13623.4 13623.4 13623.4 13623.4 10617.9 3005.46 8461.54 2156.4 8461.54 8461.54 8461.54 8461.54 8461.54 8461.54
0.089 13623.4 13623.4 13623.4 13623.4 13623.4 13623.4 13623.4 13623.4 13623.4 10617.9 3005.46 8461.54 2156.4 8461.54 8461.54 8461.54 8461.54 8461.54 8461.54
0.089 13623.4 13623.4 13623.4 13623.4 13623.4 13623.4 13623.4 13623.4 13623.4 10617.9 3005.46 8461.54 2156.4 8461.54 8461.54 8461.54 8461.54 8461.54 8461.54
0.089 13623.4 13623.4 13623.4 13623.4 13623.4 13623.4 13623.4 13623.4 13623.4 10617.9 3005.46 8461.54 2156.4 8461.54 8461.54 8461.54 8461.54 8461.54 8461.54
0.089 13623.4 13623.4 13623.4 13623.4 13623.4 13623.4 13623.4 13623.4 13623.4 10617.9 3005.46 8461.54 2156.4 8461.54 8461.54 8461.54 8461.54 8461.54 8461.54
0.099 13623.4 13623.4 13623.4 13623.4 13623.4 13623.4 13623.4 13623.4 13623.4 10617.9 3005.46 8461.54 2156.4 8461.54 8461.54 8461.54 8461.54 8461.54 8461.54
0.099 13623.4 13623.4 13623.4 13623.4 13623.4 13623.4 13623.4 13623.4 13623.4 10617.9 3005.46 8461.54 2156.4 8461.54 8461.54 8461.54 8461.54 8461.54 8461.54
0.099 13623.4 13623.4 13623.4 13623.4 13623.4 13623.4 13623.4 13623.4 13623.4 10617.9 3005.46 8461.54 2156.4 8461.54 8461.54 8461.54 8461.54 8461.54 8461.54
0.099 13623.4 13623.4 13623.4 13623.4 13623.4 13623.4 13623.4 13623.4 13623.4 10617.9 3005.46 8461.54 2156.4 8461.54 8461.54 8461.54 8461.54 8461.54 8461.54
0.099 13623.4 13623.4 13623.4 13623.4 13623.4 13623.4 13623.4 13623.4 13623.4 10617.9 3005.46 8461.54 2156.4 8461.54 8461.54 8461.54 8461.54 8461.54 8461.54
0.099 13623.4 13623.4 13623.4 13623.4 13623.4 13623.4 13623.4 13623.4 13623.4 10617.9 3005.46 8461.54 2156.4 8461.54 8461.54 8461.54 8461.54 8461.54 8461.54
0.099 13623.4 13623.4 13623.4 13623.4 13623.4 13623.4 13623.4 13623.4 13623.4 10617.9 3005.46 8461.54 2156.4 8461.54 8461.54 8461.54 8461.54 8461.54 8461.54
0.099 13623.4 13623.4 13623.4 13623.4 13623.4 13623.4 13623.4 13623.4 13623.4 10617.9 3005.46 8461.54 2156.4 8461.54 8461.54 8461.54 8461.54 8461.54 8461.54
0.099 13623.4 13623.4 13623.4 13623.4 13623.4 13623.4 13623.4 13623.4 13623.4 10617.9 3005.46 8461.54 2156.4 8461.54 8461.54 8461.54 8461.54 8461.54 8461.54
0.099 13623.4 13623.4 13623.4 13623.4 13623.4 13623.4 13623.4 13623.4 13623.4 10617.9 3005.46 8461.54 2156.4 8461.54 8461.54 8461.54 8461.54 8461.54 8461.54
0.099 13623.4 13623.4 13623.4 13623.4 13623.4 13623.4 13623.4 13623.4 13623.4 10617.9 3005.46 8461.54 2156.4 8461.54 8461.54 8461.54 8461.54 8461.54 8461.54
0.099 13623.4 13623.4 13623.4 13623.4 13623.4 13623.4 13623.4 13623.4 13623.4 10617.9 3005.46 8461.54 2156.4 8461.54 8461.54 8461.54 8461.54 8461.54 8461.54
0.099 13623.4 13623.4 13623.4 13623.4 13623.4 13623.4 13623.4 13623.4 13623.4 10617.9 3005.46 8461.54 2156.4 8461.54 8461.54 8461.54 8461.54 8461.54 8461.54
0.099 13623.4 13623.4 13623.4 13623.4 13623.4 13623.4 13623.4 13623.4 13623.4 10617.9 3005.46 8461.54 2156.4 8461.54 8461.54 8461.54 8461.54 8461.54 8461.54
0.109 13623.4 13623.4 13623.4 13623.4 13623.4 13623.4 13623.4 13623.4 13623.4 10617.9 3005.46 8461.54 2156.4 8461.54 8461.54 8461.54 8461.54 8461.54 8461.54
0.109 13623.4 13623.4 13623.4 13623.4 13623.4 13623.4 13623.4 13623.4 13623.4 10617.9 3005.46 8461.54 2156.4 8461.54 8461.54 8461.54 8461.54 8461.54 8461.54
0.109 13623.4 13623.4 13623.4 13623.4 13623.4 13623.4 13623.4 13623.4 13623.4 10617.9 3005.46 8461.54 2156.4 8461.54 8461.54 8461.54 8461.54 8461.54 8461.54
0.109 13623.4 13623.4 13623.4 13623.4 13623.4 13623.4 13623.4 13623.4 13623.4 10617.9 3005.46 8461.54 2156.4 8461.54 8461.54 8461.54 8461.54 8461.54 8461.54
0.109 13623.4 13623.4 13623.4 13623.4 13623.4 13623.4 13623.4 13623.4 13623.4 10617.9 3005.46 8461.54 2156.4 8461.54 8461.54 8461.54 8461.54 8461.54 8461.54
0.109 13623.4 13623.4 13623.4 13623.4 13623.4 13623.4 13623.4 13623.4 13623.4 10617.9 3005.46 8461.54 2156.4 8461.54 8461.54 8461.54 8461.54 8461.54 8461.54
0.109 13623.4 13623.4 13623.4 13623.4 13623.4 13623.4 13623.4 13623.4 13623.4 10617.9 3005.46 8461.54 2156.4 8461.54 8461.54 8461.54 8461.54 8461.54 8461.54
0.109 13623.4 13623.4 13623.4 13623.4 13623.4 13623.4 13623.4 13623.4 13623.4 10617.9 3005.46 8461.54 2156.4 8461.54 8461.54 8461.54 8461.54 8461.54 8461.54
0.109 13623.4 13623.4 13623.4 13623.4 13623.4 13623.4 13623.4 13623.4 13623.4 10617.9 3005.46 8461.54 2156.4 8461.54 8461.54 8461.54 8461.54 8461.54 8461.54
0.109 13623.4 13623.4 13623.4 13623.4 13623.4 13623.4 13623.4 13623.4 13623.4 10617.9 3005.46 8461.54 2156.4 8461.54 8461.54 8461.54 8461.54 8461.54 8461.54
0.109 13623.4 13623.4 13623.4 13623.4 13623.4 13623.4 13623.4 13623.4 13623.4 10617.9 3005.46 8461.54 2156.4 8461.54 8461.54 8461.54 8461.54 8461.54 8461.54
0.109 13623.4 13623.4 13623.4 13623.4 13623.4 13623.4 13623.4 13623.4 13623.4 10617.9 3005.46 8461.54 2156.4 8461.54 8461.54 8461.54 8461.54 8461.54 8461.54
0.109 13623.4 13623.4 13623.4 13623.4 13623.4 13623.4 13623.4 13623.4 13623.4 10617.9 3005.46 8461.54 2156.4 8461.54 8461.54 8461.54 8461.54 8461.54 8461.54
0.109 13623.4 13623.4 13623.4 13623.4 13623.4 13623.4 13623.4 13623.4 13623.4 10617.9 3005.46 8461.54 2156.4 8461.54 8461.54 8461.54 8461.54 8461.54 8461.54
0.119 13623.4 13623.4 13623.4 13623.4 13623.4 13623.4 13623.4 13623.4 13623.4 10617.9 3005.46 8461.54 2156.4 8461.54 8461.54 8461.54 8461.54 8461.54 8461.54
0.119 13623.4 13623.4 13623.4 13623.4 13623.4 13623.4 13623.4 13623.4 13623.4 10617.9 3005.46 8461.54 2156.4 8461.54 8461.54 8461.54 8461.54 8461.54 8461.54
0.119 13623.4 13623.4 13623.4 13623.4 13623.4 13623.4 13623.4 13623.4 13623.4 10617.9 3005.46 8461.54 2156.4 8461.54 8461.54 8461.54 8461.54 8461.54 8461.54
0.119 13623.4 13623.4 13623.4 13623.4 13623.4 13623.4 13623.4 13623.4 13623.4 10617.9 3005.46 8461.54 2156.4 8461.54 8461.54 8461.54 8461.54 8461.54 8461.54
0.119 13623.4 13623.4 13623.4 13623.4 13623.4 13623.4 13623.4 13623.4 13623.4 10617.9 3005.46 8461.54 2156.4 8461.54 8461.54 8461.54 8461.54 8461.54 8461.54
0.119 13623.4 13623.4 13623.4 13623.4 13623.4 13623.4 13623.4 13623.4 13623.4 10617.9 3005.46 8461.54 2156.4 8461.54 8461.54 8461.54 8461.54 8461.54 8461.54
0.119 13623.4 13623.4 13623.4 13623.4 13623.4 13623.4 13623.4 13623.4 13623.4 10617.9 3005.46 8461.54 2156.4 8461.54 8461.54 8461.54 8461.54 8461.54 8461.54
0.119 13623.4 13623.4 13623.4 13623.4 13623.4 13623.4 13623.4 13623.4 13623.4 10617.9 3005.46 8461.54 2156.4 8461.54 8461.54 8461.54 8461.54 8461.54 8461.54
0.119 13623.4 13623.4 13623.4 13623.4 13623.4 13623.4 13623.4 13623.4 13623.4 10617.9 3005.46 8461.54 2156.4 8461.54 8461.54 8461.54 8461.54 8461.54 8461.54
0.119 13623.4 13623.4 13623.4 13623.4 13623.4 13623.4 13623.4 13623.4 13623.4 10617.9 3005.46 8461.54 2156.4 8461.54 8461.54 8461.54 8461.54 8461.54 8461.54
0.119 13623.4 13623.4 13623.4 13623.4 13623.4 13623.4 13623.4 13623.4 13623.4 10617.9 3005.46 8461.54 2156.4 8461.54 8461.54 8461.54 8461.54 8461.54 8461.54
0.119 13623.4 13623.4 13623.4 13623.4 13623.4 13623.4 13623.4 13623.4 13623.4 10617.9 3005.46 8461.54 2156.4 8461.54 8461.54 8461.54 8461.54 8461.54 8461.54
0.119 13623.4 13623.4 13623.4 13623.4 13623.4 13623.4 13623.4 13623.4 13623.4 10617.9 3005.46 8461.54 2156.4 8461.54 8461.54 8461.54 8461.54 8461.54 8461.54
0.119 13623.4 13623.4 13623.4 13623.4 13623.4 13623.4 13623.4 13623.4 13623.4 10617.9 3005.46 8461.54 2156.4 8461.54 8461.54 8461.54 8461.54 8461.54 8461.54
0.129 13623.4 13623.4 13623.4 13623.4 13623.4 13623.4 13623.4 13623.4 13623.4 10617.9 3005.46 8461.54 2156.4 8461.54 8461.54 8461.54 8461.54 8461.54 8461.54
0.129 13623.4 13623.4 13623.4 13623.4 13623.4 13623.4 13623.4 13623.4 13623.4 10617.9 3005.46 8461.54 2156.4 8461.54 8461.54 8461.54 8461.54 8461.54 8461.54
0.129 13623.4 13623.4 13623.4 13623.4 13623.4 13623.4 13623.4 13623.4 13623.4 10617.9 3005.46 8461.54 2156.4 8461.54 8461.54 8461.54 8461.54 8461.54 8461.54
0.129 13623.4 13623.4 13623.4 13623.4 13623.4 13623.4 13623.4 13623.4 13623.4 10617.9 3005.46 8461.54 2156.4 8461.54 8461.54 8461.54 8461.54 8461.54 8461.54
0.129 13623.4 13623.4 13623.4 13623.4 13623.4 13623.4 13623.4 13623.4 13623.4 10617.9 3005.46 8461.54 2156.4 8461.54 8461.54 8461.54 8461.54 8461.54 8461.54
0.129 13623.4 13623.4 13623.4 13623.4 13623.4 13623.4 13623.4 13623.4 13623.4 10617.9 3005.46 8461.54 2156.4 8461.54 8461.54 8461.54 8461.54 8461.54 8461.54
0.129 13623.4 13623.4 13623.4 13623.4 13623.4 13623.4 13623.4 13623.4 13623.4 10617.9 3005.46 8461.54 2156.4 8461.54 8461.54 8461.54 8461.54 8461.54 8461.54
0.129 13623.4 13623.4 13623.4 13623.4 13623.4 13623.4 13623.4 13623.4 13623.4 10617.9 3005.46 8461.54 2156.4 8461.54 8461.54 8461.54 8461.54 8461.54 8461.54
0.129 13623.4 13623.4 13623.4 13623.4 13623.4 13623.4 13623.4 13623.4 13623.4 10617.9 3005.46 8461.54 2156.4 8461.54 8461.54 8461.54 8461.54 8461.54 8461.54
0.129 13623.4 13623.4 13623.4 13623.4 13623.4 13623.4 13623.4 13623.4 13623.4 10617.9 3005.46 8461.54 2156.4 8461.54 8461.54 8461.54 8461.54 8461.54 8461.54
0.129 13623.4 13623.4 13623.4 13623.4 13623.4 13623.4 13623.4 13623.4 13623.4 10617.9 3005.46 8461.54 2156.4 8461.54 8461.54 8461.54 8461.54 8461.54 8461.54
0.129 13623.4 13623.4 13623.4 13623.4 13623.4 13623.4 13623.4 13623.4 13623.4 10617.9 3005.46 8461.54 2156.4 8461.54 8461.54 8461.54 8461.54 8461.54 8461.54
0.129 13623.4 13623.4 13623.4 13623.4 13623.4 13623.4 13623.4 13623.4 13623.4 10617.9 3005.46 8461.54 2156.4 8461.54 8461.54 8461.54 8461.54 8461.54 8461.54
0.129 13623.4 13623.4 13623.4 13623.4 13623.4 13623.4 13623.4 13623.4 13623.4 10617.9 3005.46 8461.54 2156.4 8461.54 8461.54 8461.54 8461.54 8461.54 8461.54
0.139 13623.4 13623.4 13623.4 13623.4 13623.4 13623.4 13623.4 13623.4 13623.4 10617.9 3005.46 8461.54 2156.4 8461.54 8461.54 8461.54 8461.54 8461.54 8461.54
0.139 13623.4 13623.4 13623.4 13623.4 13623.4 13623.4 13623.4 13623.4 13623.4 10617.9 3005.46 8461.54 2156.4 8461.54 8461.54 8461.54 8461.54 8461.54 8461.54
0.139 13623.4 13623.4 13623.4 13623.4 13623.4 13623.4 13623.4 13623.4 13623.4 10617.9 3005.46 8461.54 2156.4 8461.54 8461.54 8461.54 8461.54 8461.54 8461.54
0.139 13623.4 13623.4 13623.4 13623.4 13623.4 13623.4 13623.4 13623.4 13623.4 10617.9 3005.46 8461.54 2156.4 8461.54 8461.54 8461.54 8461.54 8461.54 8461.54
0.139 13623.4 13623.4 13623.4 13623.4 13623.4 13623.4 13623.4 13623.4 13623.4 10617.9 3005.46 8461.54 2156.4 8461.54 8461.54 8461.54 8461.54 8461.54 8461.54
0.139 13623.4 13623.4 13623.4 13623.4 13623.4 13623.4 13623.4 13623.4 13623.4 10617.9 3005.46 8461.54 2156.4 8461.54 8461.54 8461.54 8461.54 8461.54 8461.54
0.139 13623.4 13623.4 13623.4 13623.4 13623.4 13623.4 13623.4 13623.4 13623.4 10617.9 3005.46 8461.54 2156.4 8461.54 8461.54 8461.54 8461.54 8461.54 8461.54
0.139 13623.4 13623.4 13623.4 13623.4 13623.4 13623.4 13623.4 13623.4 13623.4 10617.9 3005.46 8461.54 2156.4 8461.54 8461.54 8461.54 8461.54 8461.54 8461.54
0.139 13623.4 13623.4 13623.4 13623.4 13623.4 13623.4 13623.4 13623.4 13623.4 10617.9 3005.46 8461.54 2156.4 8461.54 8461.54 8461.54 8461.54 8461.54 8461.54
0.139 13623.4 13623.4 13623.4 13623.4 13623.4 13623.4 13623.4 13623.4 13623.4 10617.9 3005.46 8461.54 2156.4 8461.54 8461.54 8461.54 8461.54 8461.54 8461.54
0.139 13623.4 13623.4 13623.4 13623.4 13623.4 13623.4 13623.4 13623.4 13623.4 10617.9 3005.46 8461.54 2156.4 8461.54 8461.54 8461.54 8461.54 8461.54 8461.54
0.139 13623.4 13623.4 13623.4 13623.4 13623.4 13623.4 13623.4 13623.4 13623.4 10617.9 3005.46 8461.54 2156.4 8461.54 8461.54 8461.54 8461.54 8461.54 8461.54
0.139 13623.4 13623.4 13623.4 13623.4 13623.4 13623.4 13623.4 13623.4 13623.4 10617.9 3005.46 8461.54 2156.4 8461.54 8461.54 8461.54 8461.54 8461.54 8461.54
0.149 13623.4 13623.4 13623.4 13623.4 13623.4 13623.4 13623.4 13623.4 13623.4 10617.9 3005.46 8461.54 2156.4 8461.54 8461.54 8461.54 8461.54 8461.54 8461.54
0.139 13623.4 13623.4 13623.4 13623.4 13623.4 13623.4 13623.4 13623.4 13623.4 10617.9 3005.46 8461.54 2156.4 8461.54 8461.54 8461.54 8461.54 8461.54 8461.54
0.149 13623.4 13623.4 13623.4 13623.4 13623.4 13623.4 13623.4 13623.4 13623.4 10617.9 3005.46 8461.54 2156.4 8461.54 8461.54 8461.54 8461.54 8461.54 8461.54
0.149 13623.4 13623.4 13623.4 13623.4 13623.4 13623.4 13623.4 13623.4 13623.4 10617.9 3005.46 8461.54 2156.4 8461.54 8461.54 8461.54 8461.54 8461.54 8461.54
0.149 13623.4 13623.4 13623.4 13623.4 13623.4 13623.4 13623.4 13623.4 13623.4 10617.9 3005.46 8461.54 2156.4 8461.54 8461.54 8461.54 8461.54 8461.54 8461.54
0.149 13623.4 13623.4 13623.4 13623.4 13623.4 13623.4 13623.4 13623.4 13623.4 10617.9 3005.46 8461.54 2156.4 8461.54 8461.54 8461.54 8461.54 8461.54 8461.54
0.149 13623.4 13623.4 13623.4 13623.4 13623.4 13623.4 13623.4 13623.4 13623.4 10617.9 3005.46 8461.54 2156.4 8461.54 8461.54 8461.54 8461.54 8461.54 8461.54
0.149 13623.4 13623.4 13623.4 13623.4 13623.4 13623.4 13623.4 13623.4 13623.4 10617.9 3005.46 8461.54 2156.4 8461.54 8461.54 8461.54 8461.54 8461.54 8461.54
0.149 13623.4 13623.4 13623.4 13623.4 13623.4 13623.4 13623.4 13623.4 13623.4 10617.9 3005.46 8461.54 2156.4 8461.54 8461.54 8461.54 8461.54 8461.54 8461.54
0.149 13623.4 13623.4 13623.4 13623.4 13623.4 13623.4 13623.4 13623.4 13623.4 10617.9 3005.46 8461.54 2156.4 8461.54 8461.54 8461.54 8461.54 8461.54 8461.54
0.149 13623.4 13623.4 13623.4 13623.4 13623.4 13623.4 13623.4 13623.4 13623.4 10617.9 3005.46 8461.54 2156.4 8461.54 8461.54 8461.54 8461.54 8461.54 8461.54
0.149 13623.4 13623.4 13623.4 13623.4 13623.4 13623.4 13623.4 13623.4 13623.4 10617.9 3005.46 8461.54 2156.4 8461.54 8461.54 8461.54 8461.54 8461.54 8461.54
0.149 13623.4 13623.4 13623.4 13623.4 13623.4 13623.4 13623.4 13623.4 13623.4 10617.9 3005.46 8461.54 2156.4 8461.54 8461.54 8461.54 8461.54 8461.54 8461.54
0.149 13623.4 13623.4 13623.4 13623.4 13623.4 13623.4 13623.4 13623.4 13623.4 10617.9 3005.46 8461.54 2156.4 8461.54 8461.54 8461.54 8461.54 8461.54 8461.54
0.159 13623.4 13623.4 13623.4 13623.4 13623.4 13623.4 13623.4 13623.4 13623.4 10617.9 3005.46 8461.54 2156.4 8461.54 8461.54 8461.54 8461.54 8461.54 8461.54
0.149 13623.4 13623.4 13623.4 13623.4 13623.4 13623.4 13623.4 13623.4 13623.4 10617.9 3005.46 8461.54 2156.4 8461.54 8461.54 8461.54 8461.54 8461.54 8461.54
0.159 13623.4 13623.4 13623.4 13623.4 13623.4 13623.4 13623.4 13623.4 13623.4 10617.9 3005.46 8461.54 2156.4 8461.54 8461.54 8461.54 8461.54 8461.54 8461.54
0.159 13623.4 13623.4 13623.4 13623.4 13623.4 13623.4 13623.4 13623.4 13623.4 10617.9 3005.46 8461.54 2156.4 8461.54 8461.54 8461.54 8461.54 8461.54 8461.54
0.159 13623.4 13623.4 13623.4 13623.4 13623.4 13623.4 13623.4 13623.4 13623.4 10617.9 3005.46 8461.54 2156.4 8461.54 8461.54 8461.54 8461.54 8461.54 8461.54
0.159 13623.4 13623.4 13623.4 13623.4 13623.4 13623.4 13623.4 13623.4 13623.4 10617.9 3005.46 8461.54 2156.4 8461.54 8461.54 8461.54 8461.54 8461.54 8461.54
0.159 13623.4 13623.4 13623.4 13623.4 13623.4 13623.4 13623.4 13623.4 13623.4 10617.9 3005.46 8461.54 2156.4 8461.54 8461.54 8461.54 8461.54 8461.54 8461.54
0.159 13623.4 13623.4 13623.4 13623.4 13623.4 13623.4 13623.4 13623.4 13623.4 10617.9 3005.46 8461.54 2156.4 8461.54 8461.54 8461.54 8461.54 8461.54 8461.54
0.159 13623.4 13623.4 13623.4 13623.4 13623.4 13623.4 13623.4 13623.4 13623.4 10617.9 3005.46 8461.54 2156.4 8461.54 8461.54 8461.54 8461.54 8461.54 8461.54
0.159 13623.4 13623.4 13623.4 13623.4 13623.4 13623.4 13623.4 13623.4 13623.4 10617.9 3005.46 8461.54 2156.4 8461.54 8461.54 8461.54 8461.54 8461.54 8461.54
0.159 13623.4 13623.4 13623.4 13623.4 13623.4 13623.4 13623.4 13623.4 13623.4 10617.9 3005.46 8461.54 2156.4 8461.54 8461.54 8461.54 8461.54 8461.54 8461.54
0.159 13623.4 13623.4 13623.4 13623.4 13623.4 13623.4 13623.4 13623.4 13623.4 10617.9 3005.46 8461.54 2156.4 8461.54 8461.54 8461.54 8461.54 8461.54 8461.54
0.159 13623.4 13623.4 13623.4 13623.4 13623.4 13623.4 13623.4 13623.4 13623.4 10617.9 3005.46 8461.54 2156.4 8461.54 8461.54 8461.54 8461.54 8461.54 8461.54
0.169 13623.4 13623.4 13623.4 13623.4 13623.4 13623.4 13623.4 13623.4 13623.4 10617.9 3005.46 8461.54 2156.4 8461.54 8461.54 8461.54 8461.54 8461.54 8461.54
0.159 13623.4 13623.4 13623.4 13623.4 13623.4 13623.4 13623.4 13623.4 13623.4 10617.9 3005.46 8461.54 2156.4 8461.54 8461.54 8461.54 8461.54 8461.54 8461.54
0.159 13623.4 13623.4 13623.4 13623.4 13623.4 13623.4 13623.4 13623.4 13623.4 10617.9 3005.46 8461.54 2156.4 8461.54 8461.54 8461.54 8461.54 8461.54 8461.54
0.169 13623.4 13623.4 13623.4 13623.4 13623.4 13623.4 13623.4 13623.4 13623.4 10617.9 3005.46 8461.54 2156.4 8461.54 8461.54 8461.54 8461.54 8461.54 8461.54
0.169 13623.4 13623.4 13623.4 13623.4 13623.4 13623.4 13623.4 13623.4 13623.4 10617.9 3005.46 8461.54 2156.4 8461.54 8461.54 8461.54 8461.54 8461.54 8461.54
0.169 13623.4 13623.4 13623.4 13623.4 13623.4 13623.4 13623.4 13623.4 13623.4 10617.9 3005.46 8461.54 2156.4 8461.54 8461.54 8461.54 8461.54 8461.54 8461.54
0.169 13623.4 13623.4 13623.4 13623.4 13623.4 13623.4 13623.4 13623.4 13623.4 10617.9 3005.46 8461.54 2156.4 8461.54 8461.54 8461.54 8461.54 8461.54 8461.54
0.169 13623.4 13623.4 13623.4 13623.4 13623.4 13623.4 13623.4 13623.4 13623.4 10617.9 3005.46 8461.54 2156.4 8461.54 8461.54 8461.54 8461.54 8461.54 8461.54
0.169 13623.4 13623.4 13623.4 13623.4 13623.4 13623.4 13623.4 13623.4 13623.4 10617.9 3005.46 8461.54 2156.4 8461.54 8461.54 8461.54 8461.54 8461.54 8461.54
0.169 13623.4 13623.4 13623.4 13623.4 13623.4 13623.4 13623.4 13623.4 13623.4 10617.9 3005.46 8461.54 2156.4 8461.54 8461.54 8461.54 8461.54 8461.54 8461.54
0.169 13623.4 13623.4 13623.4 13623.4 13623.4 13623.4 13623.4 13623.4 13623.4 10617.9 3005.46 8461.54 2156.4 8461.54 8461.54 8461.54 8461.54 8461.54 8461.54
0.169 13623.4 13623.4 13623.4 13623.4 13623.4 13623.4 13623.4 13623.4 13623.4 10617.9 3005.46 8461.54 2156.4 8461.54 8461.54 8461.54 8461.54 8461.54 8461.54
0.179 13623.4 13623.4 13623.4 13623.4 13623.4 13623.4 13623.4 13623.4 13623.4 10617.9 3005.46 8461.54 2156.4 8461.54 8461.54 8461.54 8461.54 8461.54 8461.54
0.169 13623.4 13623.4 13623.4 13623.4 13623.4 13623.4 13623.4 13623.4 13623.4 10617.9 3005.46 8461.54 2156.4 8461.54 8461.54 8461.54 8461.54 8461.54 8461.54
0.169 13623.4 13623.4 13623.4 13623.4 13623.4 13623.4 13623.4 13623.4 13623.4 10617.9 3005.46 8461.54 2156.4 8461.54 8461.54 8461.54 8461.54 8461.54 8461.54
0.169 13623.4 13623.4 13623.4 13623.4 13623.4 13623.4 13623.4 13623.4 13623.4 10617.9 3005.46 8461.54 2156.4 8461.54 8461.54 8461.54 8461.54 8461.54 8461.54
0.169 13623.4 13623.4 13623.4 13623.4 13623.4 13623.4 13623.4 13623.4 13623.4 10617.9 3005.46 8461.54 2156.4 8461.54 8461.54 8461.54 8461.54 8461.54 8461.54
0.179 13623.4 13623.4 13623.4 13623.4 13623.4 13623.4 13623.4 13623.4 13623.4 10617.9 3005.46 8461.54 2156.4 8461.54 8461.54 8461.54 8461.54 8461.54 8461.54
0.179 13623.4 13623.4 13623.4 13623.4 13623.4 13623.4 13623.4 13623.4 13623.4 10617.9 3005.46 8461.54 2156.4 8461.54 8461.54 8461.54 8461.54 8461.54 8461.54
0.179 13623.4 13623.4 13623.4 13623.4 13623.4 13623.4 13623.4 13623.4 13623.4 10617.9 3005.46 8461.54 2156.4 8461.54 8461.54 8461.54 8461.54 8461.54 8461.54
0.179 13623.4 13623.4 13623.4 13623.4 13623.4 13623.4 13623.4 13623.4 13623.4 10617.9 3005.46 8461.54 2156.4 8461.54 8461.54 8461.54 8461.54 8461.54 8461.54
0.179 13623.4 13623.4 13623.4 13623.4 13623.4 13623.4 13623.4 13623.4 13623.4 10617.9 3005.46 8461.54 2156.4 8461.54 8461.54 8461.54 8461.54 8461.54 8461.54
0.179 13623.4 13623.4 13623.4 13623.4 13623.4 13623.4 13623.4 13623.4 13623.4 10617.9 3005.46 8461.54 2156.4 8461.54 8461.54 8461.54 8461.54 8461.54 8461.54
0.179 13623.4 13623.4 13623.4 13623.4 13623.4 13623.4 13623.4 13623.4 13623.4 10617.9 3005.46 8461.54 2156.4 8461.54 8461.54 8461.54 8461.54 8461.54 8461.54
0.179 13623.4 13623.4 13623.4 13623.4 13623.4 13623.4 13623.4 13623.4 13623.4 10617.9 3005.46 8461.54 2156.4 8461.54 8461.54 8461.54 8461.54 8461.54 8461.54
0.179 13623.4 13623.4 13623.4 13623.4 13623.4 13623.4 13623.4 13623.4 13623.4 10617.9 3005.46 8461.54 2156.4 8461.54 8461.54 8461.54 8461.54 8461.54 8461.54
0.189 13623.4 13623.4 13623.4 13623.4 13623.4 13623.4 13623.4 13623.4 13623.4 10617.9 3005.46 8461.54 2156.4 8461.54 8461.54 8461.54 8461.54 8461.54 8461.54
0.179 13623.4 13623.4 13623.4 13623.4 13623.4 13623.4 13623.4 13623.4 13623.4 10617.9 3005.46 8461.54 2156.4 8461.54 8461.54 8461.54 8461.54 8461.54 8461.54
0.179 13623.4 13623.4 13623.4 13623.4 13623.4 13623.4 13623.4 13623.4 13623.4 10617.9 3005.46 8461.54 2156.4 8461.54 8461.54 8461.54 8461.54 8461.54 8461.54
0.179 13623.4 13623.4 13623.4 13623.4 13623.4 13623.4 13623.4 13623.4 13623.4 10617.9 3005.46 8461.54 2156.4 8461.54 8461.54 8461.54 8461.54 8461.54 8461.54
0.179 13623.4 13623.4 13623.4 13623.4 13623.4 13623.4 13623.4 13623.4 13623.4 10617.9 3005.46 8461.54 2156.4 8461.54 8461.54 8461.54 8461.54 8461.54 8461.54
0.189 13623.4 13623.4 13623.4 13623.4 13623.4 13623.4 13623.4 13623.4 13623.4 10617.9 3005.46 8461.54 2156.4 8461.54 8461.54 8461.54 8461.54 8461.54 8461.54
0.189 13623.4 13623.4 13623.4 13623.4 13623.4 13623.4 13623.4 13623.4 13623.4 10617.9 3005.46 8461.54 2156.4 8461.54 8461.54 8461.54 8461.54 8461.54 8461.54
0.189 13623.4 13623.4 13623.4 13623.4 13623.4 13623.4 13623.4 13623.4 13623.4 10617.9 3005.46 8461.54 2156.4 8461.54 8461.54 8461.54 8461.54 8461.54 8461.54
0.189 13623.4 13623.4 13623.4 13623.4 13623.4 13623.4 13623.4 13623.4 13623.4 10617.9 3005.46 8461.54 2156.4 8461.54 8461.54 8461.54 8461.54 8461.54 8461.54
0.189 13623.4 13623.4 13623.4 13623.4 13623.4 13623.4 13623.4 13623.4 13623.4 10617.9 3005.46 8461.54 2156.4 8461.54 8461.54 8461.54 8461.54 8461.54 8461.54
0.189 13623.4 13623.4 13623.4 13623.4 13623.4 13623.4 13623.4 13623.4 13623.4 10617.9 3005.46 8461.54 2156.4 8461.54 8461.54 8461.54 8461.54 8461.54 8461.54
0.189 13623.4 13623.4 13623.4 13623.4 13623.4 13623.4 13623.4 13623.4 13623.4 10617.9 3005.46 8461.54 2156.4 8461.54 8461.54 8461.54 8461.54 8461.54 8461.54
0.189 13623.4 13623.4 13623.4 13623.4 13623.4 13623.4 13623.4 13623.4 13623.4 10617.9 3005.46 8461.54 2156.4 8461.54 8461.54 8461.54 8461.54 8461.54 8461.54
0.199 13623.4 13623.4 13623.4 13623.4 13623.4 13623.4 13623.4 13623.4 13623.4 10617.9 3005.46 8461.54 2156.4 8461.54 8461.54 8461.54 8461.54 8461.54 8461.54
0.189 13623.4 13623.4 13623.4 13623.4 13623.4 13623.4 13623.4 13623.4 13623.4 10617.9 3005.46 8461.54 2156.4 8461.54 8461.54 8461.54 8461.54 8461.54 8461.54
0.189 13623.4 13623.4 13623.4 13623.4 13623.4 13623.4 13623.4 13623.4 13623.4 10617.9 3005.46 8461.54 2156.4 8461.54 8461.54 8461.54 8461.54 8461.54 8461.54
0.189 13623.4 13623.4 13623.4 13623.4 13623.4 13623.4 13623.4 13623.4 13623.4 10617.9 3005.46 8461.54 2156.4 8461.54 8461.54 8461.54 8461.54 8461.54 8461.54
0.189 13623.4 13623.4 13623.4 13623.4 13623.4 13623.4 13623.4 13623.4 13623.4 10617.9 3005.46 8461.54 2156.4 8461.54 8461.54 8461.54 8461.54 8461.54 8461.54
0.189 13623.4 13623.4 13623.4 13623.4 13623.4 13623.4 13623.4 13623.4 13623.4 10617.9 3005.46 8461.54 2156.4 8461.54 8461.54 8461.54 8461.54 8461.54 8461.54
0.199 13623.4 13623.4 13623.4 13623.4 13623.4 13623.4 13623.4 13623.4 13623.4 10617.9 3005.46 8461.54 2156.4 8461.54 8461.54 8461.54 8461.54 8461.54 8461.54
0.199 13623.4 13623.4 13623.4 13623.4 13623.4 13623.4 13623.4 13623.4 13623.4 10617.9 3005.46 8461.54 2156.4 8461.54 8461.54 8461.54 8461.54 8461.54 8461.54
0.199 13623.4 13623.4 13623.4 13623.4 13623.4 13623.4 13623.4 13623.4 13623.4 10617.9 3005.46 8461.54 2156.4 8461.54 8461.54 8461.54 8461.54 8461.54 8461.54
0.199 13623.4 13623.4 13623.4 13623.4 13623.4 13623.4 13623.4 13623.4 13623.4 10617.9 3005.46 8461.54 2156.4 8461.54 8461.54 8461.54 8461.54 8461.54 8461.54
0.199 13623.4 13623.4 13623.4 13623.4 13623.4 13623.4 13623.4 13623.4 13623.4 10617.9 3005.46 8461.54 2156.4 8461.54 8461.54 8461.54 8461.54 8461.54 8461.54
0.199 13623.4 13623.4 13623.4 13623.4 13623.4 13623.4 13623.4 13623.4 13623.4 10617.9 3005.46 8461.54 2156.4 8461.54 8461.54 8461.54 8461.54 8461.54 8461.54
0.199 13623.4 13623.4 13623.4 13623.4 13623.4 13623.4 13623.4 13623.4 13623.4 10617.9 3005.46 8461.54 2156.4 8461.54 8461.54 8461.54 8461.54 8461.54 8461.54
0.199 13623.4 13623.4 13623.4 13623.4 13623.4 13623.4 13623.4 13623.4 13623.4 10617.9 3005.46 8461.54 2156.4 8461.54 8461.54 8461.54 8461.54 8461.54 8461.54
0.199 13623.4 13623.4 13623.4 13623.4 13623.4 13623.4 13623.4 13623.4 13623.4 10617.9 3005.46 8461.54 2156.4 8461.54 8461.54 8461.54 8461.54 8461.54 8461.54
0.209 13623.4 13623.4 13623.4 13623.4 13623.4 13623.4 13623.4 13623.4 13623.4 10617.9 3005.46 8461.54 2156.4 8461.54 8461.54 8461.54 8461.54 8461.54 8461.54
0.199 13623.4 13623.4 13623.4 13623.4 13623.4 13623.4 13623.4 13623.4 13623.4 10617.9 3005.46 8461.54 2156.4 8461.54 8461.54 8461.54 8461.54 8461.54 8461.54
0.199 13623.4 13623.4 13623.4 13623.4 13623.4 13623.4 13623.4 13623.4 13623.4 10617.9 3005.46 8461.54 2156.4 8461.54 8461.54 8461.54 8461.54 8461.54 8461.54
0.199 13623.4 13623.4 13623.4 13623.4 13623.4 13623.4 13623.4 13623.4 13623.4 10617.9 3005.46 8461.54 2156.4 8461.54 8461.54 8461.54 8461.54 8461.54 8461.54
0.199 13623.4 13623.4 13623.4 13623.4 13623.4 13623.4 13623.4 13623.4 13623.4 10617.9 3005.46 8461.54 2156.4 8461.54 8461.54 8461.54 8461.54 8461.54 8461.54
0.209 13623.4 13623.4 13623.4 13623.4 13623.4 13623.4 13623.4 13623.4 13623.4 10617.9 3005.46 8461.54 2156.4 8461.54 8461.54 8461.54 8461.54 8461.54 8461.54
0.209 13623.4 13623.4 13623.4 13623.4 13623.4 13623.4 13623.4 13623.4 13623.4 10617.9 3005.46 8461.54 2156.4 8461.54 8461.54 8461.54 8461.54 8461.54 8461.54
0.209 13623.4 13623.4 13623.4 13623.4 13623.4 13623.4 13623.4 13623.4 13623.4 10617.9 3005.46 8461.54 2156.4 8461.54 8461.54 8461.54 8461.54 8461.54 8461.54
0.209 13623.4 13623.4 13623.4 13623.4 13623.4 13623.4 13623.4 13623.4 13623.4 10617.9 3005.46 8461.54 2156.4 8461.54 8461.54 8461.54 8461.54 8461.54 8461.54
0.209 13623.4 13623.4 13623.4 13623.4 13623.4 13623.4 13623.4 13623.4 13623.4 10617.9 3005.46 8461.54 2156.4 8461.54 8461.54 8461.54 8461.54 8461.54 8461.54
0.219 13623.4 13623.4 13623.4 13623.4 13623.4 13623.4 13623.4 13623.4 13623.4 10617.9 3005.46 8461.54 2156.4 8461.54 8461.54 8461.54 8461.54 8461.54 8461.54
0.209 13623.4 13623.4 13623.4 13623.4 13623.4 13623.4 13623.4 13623.4 13623.4 10617.9 3005.46 8461.54 2156.4 8461.54 8461.54 8461.54 8461.54 8461.54 8461.54
0.209 13623.4 13623.4 13623.4 13623.4 13623.4 13623.4 13623.4 13623.4 13623.4 10617.9 3005.46 8461.54 2156.4 8461.54 8461.54 8461.54 8461.54 8461.54 8461.54
0.209 13623.4 13623.4 13623.4 13623.4 13623.4 13623.4 13623.4 13623.4 13623.4 10617.9 3005.46 8461.54 2156.4 8461.54 8461.54 8461.54 8461.54 8461.54 8461.54
0.209 13623.4 13623.4 13623.4 13623.4 13623.4 13623.4 13623.4 13623.4 13623.4 10617.9 3005.46 8461.54 2156.4 8461.54 8461.54 8461.54 8461.54 8461.54 8461.54
0.209 13623.4 13623.4 13623.4 13623.4 13623.4 13623.4 13623.4 13623.4 13623.4 10617.9 3005.46 8461.54 2156.4 8461.54 8461.54 8461.54 8461.54 8461.54 8461.54
0.209 13623.4 13623.4 13623.4 13623.4 13623.4 13623.4 13623.4 13623.4 13623.4 10617.9 3005.46 8461.54 2156.4 8461.54 8461.54 8461.54 8461.54 8461.54 8461.54
0.209 13623.4 13623.4 13623.4 13623.4 13623.4 13623.4 13623.4 13623.4 13623.4 10617.9 3005.46 8461.54 2156.4 8461.54 8461.54 8461.54 8461.54 8461.54 8461.54
0.219 13623.4 13623.4 13623.4 13623.4 13623.4 13623.4 13623.4 13623.4 13623.4 10617.9 3005.46 8461.54 2156.4 8461.54 8461.54 8461.54 8461.54 8461.54 8461.54
0.209 13623.4 13623.4 13623.4 13623.4 13623.4 13623.4 13623.4 13623.4 13623.4 10617.9 3005.46 8461.54 2156.4 8461.54 8461.54 8461.54 8461.54 8461.54 8461.54
0.219 13623.4 13623.4 13623.4 13623.4 13623.4 13623.4 13623.4 13623.4 13623.4 10617.9 3005.46 8461.54 2156.4 8461.54 8461.54 8461.54 8461.54 8461.54 8461.54
0.219 13623.4 13623.4 13623.4 13623.4 13623.4 13623.4 13623.4 13623.4 13623.4 10617.9 3005.46 8461.54 2156.4 8461.54 8461.54 8461.54 8461.54 8461.54 8461.54
0.219 13623.4 13623.4 13623.4 13623.4 13623.4 13623.4 13623.4 13623.4 13623.4 10617.9 3005.46 8461.54 2156.4 8461.54 8461.54 8461.54 8461.54 8461.54 8461.54
0.219 13623.4 13623.4 13623.4 13623.4 13623.4 13623.4 13623.4 13623.4 13623.4 10617.9 3005.46 8461.54 2156.4 8461.54 8461.54 8461.54 8461.54 8461.54 8461.54
0.229 13623.4 13623.4 13623.4 13623.4 13623.4 13623.4 13623.4 13623.4 13623.4 10617.9 3005.46 8461.54 2156.4 8461.54 8461.54 8461.54 8461.54 8461.54 8461.54
0.219 13623.4 13623.4 13623.4 13623.4 13623.4 13623.4 13623.4 13623.4 13623.4 10617.9 3005.46 8461.54 2156.4 8461.54 8461.54 8461.54 8461.54 8461.54 8461.54
0.219 13623.4 13623.4 13623.4 13623.4 13623.4 13623.4 13623.4 13623.4 13623.4 10617.9 3005.46 8461.54 2156.4 8461.54 8461.54 8461.54 8461.54 8461.54 8461.54
0.219 13623.4 13623.4 13623.4 13623.4 13623.4 13623.4 13623.4 13623.4 13623.4 10617.9 3005.46 8461.54 2156.4 8461.54 8461.54 8461.54 8461.54 8461.54 8461.54
0.219 13623.4 13623.4 13623.4 13623.4 13623.4 13623.4 13623.4 13623.4 13623.4 10617.9 3005.46 8461.54 2156.4 8461.54 8461.54 8461.54 8461.54 8461.54 8461.54
0.219 13623.4 13623.4 13623.4 13623.4 13623.4 13623.4 13623.4 13623.4 13623.4 10617.9 3005.46 8461.54 2156.4 8461.54 8461.54 8461.54 8461.54 8461.54 8461.54
0.219 13623.4 13623.4 13623.4 13623.4 13623.4 13623.4 13623.4 13623.4 13623.4 10617.9 3005.46 8461.54 2156.4 8461.54 8461.54 8461.54 8461.54 8461.54 8461.54
0.219 13623.4 13623.4 13623.4 13623.4 13623.4 13623.4 13623.4 13623.4 13623.4 10617.9 3005.46 8461.54 2156.4 8461.54 8461.54 8461.54 8461.54 8461.54 8461.54
0.229 13623.4 13623.4 13623.4 13623.4 13623.4 13623.4 13623.4 13623.4 13623.4 10617.9 3005.46 8461.54 2156.4 8461.54 8461.54 8461.54 8461.54 8461.54 8461.54
0.219 13623.4 13623.4 13623.4 13623.4 13623.4 13623.4 13623.4 13623.4 13623.4 10617.9 3005.46 8461.54 2156.4 8461.54 8461.54 8461.54 8461.54 8461.54 8461.54
0.239 13623.4 13623.4 13623.4 13623.4 13623.4 13623.4 13623.4 13623.4 13623.4 10617.9 3005.46 8461.54 2156.4 8461.54 8461.54 8461.54 8461.54 8461.54 8461.54
0.229 13623.4 13623.4 13623.4 13623.4 13623.4 13623.4 13623.4 13623.4 13623.4 10617.9 3005.46 8461.54 2156.4 8461.54 8461.54 8461.54 8461.54 8461.54 8461.54
0.229 13623.4 13623.4 13623.4 13623.4 13623.4 13623.4 13623.4 13623.4 13623.4 10617.9 3005.46 8461.54 2156.4 8461.54 8461.54 8461.54 8461.54 8461.54 8461.54
0.229 13623.4 13623.4 13623.4 13623.4 13623.4 13623.4 13623.4 13623.4 13623.4 10617.9 3005.46 8461.54 2156.4 8461.54 8461.54 8461.54 8461.54 8461.54 8461.54
0.229 13623.4 13623.4 13623.4 13623.4 13623.4 13623.4 13623.4 13623.4 13623.4 10617.9 3005.46 8461.54 2156.4 8461.54 8461.54 8461.54 8461.54 8461.54 8461.54
0.239 13623.4 13623.4 13623.4 13623.4 13623.4 13623.4 13623.4 13623.4 13623.4 10617.9 3005.46 8461.54 2156.4 8461.54 8461.54 8461.54 8461.54 8461.54 8461.54
0.229 13623.4 13623.4 13623.4 13623.4 13623.4 13623.4 13623.4 13623.4 13623.4 10617.9 3005.46 8461.54 2156.4 8461.54 8461.54 8461.54 8461.54 8461.54 8461.54
0.229 13623.4 13623.4 13623.4 13623.4 13623.4 13623.4 13623.4 13623.4 13623.4 10617.9 3005.46 8461.54 2156.4 8461.54 8461.54 8461.54 8461.54 8461.54 8461.54
0.229 13623.4 13623.4 13623.4 13623.4 13623.4 13623.4 13623.4 13623.4 13623.4 10617.9 3005.46 8461.54 2156.4 8461.54 8461.54 8461.54 8461.54 8461.54 8461.54
0.229 13623.4 13623.4 13623.4 13623.4 13623.4 13623.4 13623.4 13623.4 13623.4 10617.9 3005.46 8461.54 2156.4 8461.54 8461.54 8461.54 8461.54 8461.54 8461.54
0.229 13623.4 13623.4 13623.4 13623.4 13623.4 13623.4 13623.4 13623.4 13623.4 10617.9 3005.46 8461.54 2156.4 8461.54 8461.54 8461.54 8461.54 8461.54 8461.54
0.229 13623.4 13623.4 13623.4 13623.4 13623.4 13623.4 13623.4 13623.4 13623.4 10617.9 3005.46 8461.54 2156.4 8461.54 8461.54 8461.54 8461.54 8461.54 8461.54
0.229 13623.4 13623.4 13623.4 13623.4 13623.4 13623.4 13623.4 13623.4 13623.4 10617.9 3005.46 8461.54 2156.4 8461.54 8461.54 8461.54 8461.54 8461.54 8461.54
0.229 13623.4 13623.4 13623.4 13623.4 13623.4 13623.4 13623.4 13623.4 13623.4 10617.9 3005.46 8461.54 2156.4 8461.54 8461.54 8461.54 8461.54 8461.54 8461.54
0.249 13623.4 13623.4 13623.4 13623.4 13623.4 13623.4 13623.4 13623.4 13623.4 10617.9 3005.46 8461.54 2156.4 8461.54 8461.54 8461.54 8461.54 8461.54 8461.54
0.239 13623.4 13623.4 13623.4 13623.4 13623.4 13623.4 13623.4 13623.4 13623.4 10617.9 3005.46 8461.54 2156.4 8461.54 8461.54 8461.54 8461.54 8461.54 8461.54
0.239 13623.4 13623.4 13623.4 13623.4 13623.4 13623.4 13623.4 13623.4 13623.4 10617.9 3005.46 8461.54 2156.4 8461.54 8461.54 8461.54 8461.54 8461.54 8461.54
0.239 13623.4 13623.4 13623.4 13623.4 13623.4 13623.4 13623.4 13623.4 13623.4 10617.9 3005.46 8461.54 2156.4 8461.54 8461.54 8461.54 8461.54 8461.54 8461.54
0.239 13623.4 13623.4 13623.4 13623.4 13623.4 13623.4 13623.4 13623.4 13623.4 10617.9 3005.46 8461.54 2156.4 8461.54 8461.54 8461.54 8461.54 8461.54 8461.54
0.249 13623.4 13623.4 13623.4 13623.4 13623.4 13623.4 13623.4 13623.4 13623.4 10617.9 3005.46 8461.54 2156.4 8461.54 8461.54 8461.54 8461.54 8461.54 8461.54
0.239 13623.4 13623.4 13623.4 13623.4 13623.4 13623.4 13623.4 13623.4 13623.4 10617.9 3005.46 8461.54 2156.4 8461.54 8461.54 8461.54 8461.54 8461.54 8461.54
0.239 13623.4 13623.4 13623.4 13623.4 13623.4 13623.4 13623.4 13623.4 13623.4 10617.9 3005.46 8461.54 2156.4 8461.54 8461.54 8461.54 8461.54 8461.54 8461.54
0.239 13623.4 13623.4 13623.4 13623.4 13623.4 13623.4 13623.4 13623.4 13623.4 10617.9 3005.46 8461.54 2156.4 8461.54 8461.54 8461.54 8461.54 8461.54 8461.54
0.239 13623.4 13623.4 13623.4 13623.4 13623.4 13623.4 13623.4 13623.4 13623.4 10617.9 3005.46 8461.54 2156.4 8461.54 8461.54 8461.54 8461.54 8461.54 8461.54
0.239 13623.4 13623.4 13623.4 13623.4 13623.4 13623.4 13623.4 13623.4 13623.4 10617.9 3005.46 8461.54 2156.4 8461.54 8461.54 8461.54 8461.54 8461.54 8461.54
0.239 13623.4 13623.4 13623.4 13623.4 13623.4 13623.4 13623.4 13623.4 13623.4 10617.9 3005.46 8461.54 2156.4 8461.54 8461.54 8461.54 8461.54 8461.54 8461.54
0.239 13623.4 13623.4 13623.4 13623.4 13623.4 13623.4 13623.4 13623.4 13623.4 10617.9 3005.46 8461.54 2156.4 8461.54 8461.54 8461.54 8461.54 8461.54 8461.54
0.239 13623.4 13623.4 13623.4 13623.4 13623.4 13623.4 13623.4 13623.4 13623.4 10617.9 3005.46 8461.54 2156.4 8461.54 8461.54 8461.54 8461.54 8461.54 8461.54
0.259 13623.4 13623.4 13623.4 13623.4 13623.4 13623.4 13623.4 13623.4 13623.4 10617.9 3005.46 8461.54 2156.4 8461.54 8461.54 8461.54 8461.54 8461.54 8461.54
0.249 13623.4 13623.4 13623.4 13623.4 13623.4 13623.4 13623.4 13623.4 13623.4 10617.9 3005.46 8461.54 2156.4 8461.54 8461.54 8461.54 8461.54 8461.54 8461.54
0.249 13623.4 13623.4 13623.4 13623.4 13623.4 13623.4 13623.4 13623.4 13623.4 10617.9 3005.46 8461.54 2156.4 8461.54 8461.54 8461.54 8461.54 8461.54 8461.54
0.249 13623.4 13623.4 13623.4 13623.4 13623.4 13623.4 13623.4 13623.4 13623.4 10617.9 3005.46 8461.54 2156.4 8461.54 8461.54 8461.54 8461.54 8461.54 8461.54
0.249 13623.4 13623.4 13623.4 13623.4 13623.4 13623.4 13623.4 13623.4 13623.4 10617.9 3005.46 8461.54 2156.4 8461.54 8461.54 8461.54 8461.54 8461.54 8461.54
0.259 13623.4 13623.4 13623.4 13623.4 13623.4 13623.4 13623.4 13623.4 13623.4 10617.9 3005.46 8461.54 2156.4 8461.54 8461.54 8461.54 8461.54 8461.54 8461.54
0.249 13623.4 13623.4 13623.4 13623.4 13623.4 13623.4 13623.4 13623.4 13623.4 10617.9 3005.46 8461.54 2156.4 8461.54 8461.54 8461.54 8461.54 8461.54 8461.54
0.249 13623.4 13623.4 13623.4 13623.4 13623.4 13623.4 13623.4 13623.4 13623.4 10617.9 3005.46 8461.54 2156.4 8461.54 8461.54 8461.54 8461.54 8461.54 8461.54
0.249 13623.4 13623.4 13623.4 13623.4 13623.4 13623.4 13623.4 13623.4 13623.4 10617.9 3005.46 8461.54 2156.4 8461.54 8461.54 8461.54 8461.54 8461.54 8461.54
0.249 13623.4 13623.4 13623.4 13623.4 13623.4 13623.4 13623.4 13623.4 13623.4 10617.9 3005.46 8461.54 2156.4 8461.54 8461.54 8461.54 8461.54 8461.54 8461.54
0.249 13623.4 13623.4 13623.4 13623.4 13623.4 13623.4 13623.4 13623.4 13623.4 10617.9 3005.46 8461.54 2156.4 8461.54 8461.54 8461.54 8461.54 8461.54 8461.54
0.249 13623.4 13623.4 13623.4 13623.4 13623.4 13623.4 13623.4 13623.4 13623.4 10617.9 3005.46 8461.54 2156.4 8461.54 8461.54 8461.54 8461.54 8461.54 8461.54
0.249 13623.4 13623.4 13623.4 13623.4 13623.4 13623.4 13623.4 13623.4 13623.4 10617.9 3005.46 8461.54 2156.4 8461.54 8461.54 8461.54 8461.54 8461.54 8461.54
0.249 13623.4 13623.4 13623.4 13623.4 13623.4 13623.4 13623.4 13623.4 13623.4 10617.9 3005.46 8461.54 2156.4 8461.54 8461.54 8461.54 8461.54 8461.54 8461.54
0.259 13623.4 13623.4 13623.4 13623.4 13623.4 13623.4 13623.4 13623.4 13623.4 10617.9 3005.46 8461.54 2156.4 8461.54 8461.54 8461.54 8461.54 8461.54 8461.54
0.259 13623.4 13623.4 13623.4 13623.4 13623.4 13623.4 13623.4 13623.4 13623.4 10617.9 3005.46 8461.54 2156.4 8461.54 8461.54 8461.54 8461.54 8461.54 8461.54
0.269 13623.4 13623.4 13623.4 13623.4 13623.4 13623.4 13623.4 13623.4 13623.4 10617.9 3005.46 8461.54 2156.4 8461.54 8461.54 8461.54 8461.54 8461.54 8461.54
0.259 13623.4 13623.4 13623.4 13623.4 13623.4 13623.4 13623.4 13623.4 13623.4 10617.9 3005.46 8461.54 2156.4 8461.54 8461.54 8461.54 8461.54 8461.54 8461.54
0.259 13623.4 13623.4 13623.4 13623.4 13623.4 13623.4 13623.4 13623.4 13623.4 10617.9 3005.46 8461.54 2156.4 8461.54 8461.54 8461.54 8461.54 8461.54 8461.54
0.259 13623.4 13623.4 13623.4 13623.4 13623.4 13623.4 13623.4 13623.4 13623.4 10617.9 3005.46 8461.54 2156.4 8461.54 8461.54 8461.54 8461.54 8461.54 8461.54
0.259 13623.4 13623.4 13623.4 13623.4 13623.4 13623.4 13623.4 13623.4 13623.4 10617.9 3005.46 8461.54 2156.4 8461.54 8461.54 8461.54 8461.54 8461.54 8461.54
0.259 13623.4 13623.4 13623.4 13623.4 13623.4 13623.4 13623.4 13623.4 13623.4 10617.9 3005.46 8461.54 2156.4 8461.54 8461.54 8461.54 8461.54 8461.54 8461.54
0.259 13623.4 13623.4 13623.4 13623.4 13623.4 13623.4 13623.4 13623.4 13623.4 10617.9 3005.46 8461.54 2156.4 8461.54 8461.54 8461.54 8461.54 8461.54 8461.54
0.259 13623.4 13623.4 13623.4 13623.4 13623.4 13623.4 13623.4 13623.4 13623.4 10617.9 3005.46 8461.54 2156.4 8461.54 8461.54 8461.54 8461.54 8461.54 8461.54
0.269 13623.4 13623.4 13623.4 13623.4 13623.4 13623.4 13623.4 13623.4 13623.4 10617.9 3005.46 8461.54 2156.4 8461.54 8461.54 8461.54 8461.54 8461.54 8461.54
0.259 13623.4 13623.4 13623.4 13623.4 13623.4 13623.4 13623.4 13623.4 13623.4 10617.9 3005.46 8461.54 2156.4 8461.54 8461.54 8461.54 8461.54 8461.54 8461.54
0.259 13623.4 13623.4 13623.4 13623.4 13623.4 13623.4 13623.4 13623.4 13623.4 10617.9 3005.46 8461.54 2156.4 8461.54 8461.54 8461.54 8461.54 8461.54 8461.54
0.259 13623.4 13623.4 13623.4 13623.4 13623.4 13623.4 13623.4 13623.4 13623.4 10617.9 3005.46 8461.54 2156.4 8461.54 8461.54 8461.54 8461.54 8461.54 8461.54
0.269 13623.4 13623.4 13623.4 13623.4 13623.4 13623.4 13623.4 13623.4 13623.4 10617.9 3005.46 8461.54 2156.4 8461.54 8461.54 8461.54 8461.54 8461.54 8461.54
0.269 13623.4 13623.4 13623.4 13623.4 13623.4 13623.4 13623.4 13623.4 13623.4 10617.9 3005.46 8461.54 2156.4 8461.54 8461.54 8461.54 8461.54 8461.54 8461.54
0.269 13623.4 13623.4 13623.4 13623.4 13623.4 13623.4 13623.4 13623.4 13623.4 10617.9 3005.46 8461.54 2156.4 8461.54 8461.54 8461.54 8461.54 8461.54 8461.54
0.279 13623.4 13623.4 13623.4 13623.4 13623.4 13623.4 13623.4 13623.4 13623.4 10617.9 3005.46 8461.54 2156.4 8461.54 8461.54 8461.54 8461.54 8461.54 8461.54
0.269 13623.4 13623.4 13623.4 13623.4 13623.4 13623.4 13623.4 13623.4 13623.4 10617.9 3005.46 8461.54 2156.4 8461.54 8461.54 8461.54 8461.54 8461.54 8461.54
0.269 13623.4 13623.4 13623.4 13623.4 13623.4 13623.4 13623.4 13623.4 13623.4 10617.9 3005.46 8461.54 2156.4 8461.54 8461.54 8461.54 8461.54 8461.54 8461.54
0.269 13623.4 13623.4 13623.4 13623.4 13623.4 13623.4 13623.4 13623.4 13623.4 10617.9 3005.46 8461.54 2156.4 8461.54 8461.54 8461.54 8461.54 8461.54 8461.54
0.269 13623.4 13623.4 13623.4 13623.4 13623.4 13623.4 13623.4 13623.4 13623.4 10617.9 3005.46 8461.54 2156.4 8461.54 8461.54 8461.54 8461.54 8461.54 8461.54
0.269 13623.4 13623.4 13623.4 13623.4 13623.4 13623.4 13623.4 13623.4 13623.4 10617.9 3005.46 8461.54 2156.4 8461.54 8461.54 8461.54 8461.54 8461.54 8461.54
0.269 13623.4 13623.4 13623.4 13623.4 13623.4 13623.4 13623.4 13623.4 13623.4 10617.9 3005.46 8461.54 2156.4 8461.54 8461.54 8461.54 8461.54 8461.54 8461.54
0.269 13623.4 13623.4 13623.4 13623.4 13623.4 13623.4 13623.4 13623.4 13623.4 10617.9 3005.46 8461.54 2156.4 8461.54 8461.54 8461.54 8461.54 8461.54 8461.54
0.269 13623.4 13623.4 13623.4 13623.4 13623.4 13623.4 13623.4 13623.4 13623.4 10617.9 3005.46 8461.54 2156.4 8461.54 8461.54 8461.54 8461.54 8461.54 8461.54
0.279 13623.4 13623.4 13623.4 13623.4 13623.4 13623.4 13623.4 13623.4 13623.4 10617.9 3005.46 8461.54 2156.4 8461.54 8461.54 8461.54 8461.54 8461.54 8461.54
0.269 13623.4 13623.4 13623.4 13623.4 13623.4 13623.4 13623.4 13623.4 13623.4 10617.9 3005.46 8461.54 2156.4 8461.54 8461.54 8461.54 8461.54 8461.54 8461.54
0.279 13623.4 13623.4 13623.4 13623.4 13623.4 13623.4 13623.4 13623.4 13623.4 10617.9 3005.46 8461.54 2156.4 8461.54 8461.54 8461.54 8461.54 8461.54 8461.54
0.279 13623.4 13623.4 13623.4 13623.4 13623.4 13623.4 13623.4 13623.4 13623.4 10617.9 3005.46 8461.54 2156.4 8461.54 8461.54 8461.54 8461.54 8461.54 8461.54
0.289 13623.4 13623.4 13623.4 13623.4 13623.4 13623.4 13623.4 13623.4 13623.4 10617.9 3005.46 8461.54 2156.4 8461.54 8461.54 8461.54 8461.54 8461.54 8461.54
0.279 13623.4 13623.4 13623.4 13623.4 13623.4 13623.4 13623.4 13623.4 13623.4 10617.9 3005.46 8461.54 2156.4 8461.54 8461.54 8461.54 8461.54 8461.54 8461.54
0.279 13623.4 13623.4 13623.4 13623.4 13623.4 13623.4 13623.4 13623.4 13623.4 10617.9 3005.46 8461.54 2156.4 8461.54 8461.54 8461.54 8461.54 8461.54 8461.54
0.279 13623.4 13623.4 13623.4 13623.4 13623.4 13623.4 13623.4 13623.4 13623.4 10617.9 3005.46 8461.54 2156.4 8461.54 8461.54 8461.54 8461.54 8461.54 8461.54
0.279 13623.4 13623.4 13623.4 13623.4 13623.4 13623.4 13623.4 13623.4 13623.4 10617.9 3005.46 8461.54 2156.4 8461.54 8461.54 8461.54 8461.54 8461.54 8461.54
0.279 13623.4 13623.4 13623.4 13623.4 13623.4 13623.4 13623.4 13623.4 13623.4 10617.9 3005.46 8461.54 2156.4 8461.54 8461.54 8461.54 8461.54 8461.54 8461.54
0.279 13623.4 13623.4 13623.4 13623.4 13623.4 13623.4 13623.4 13623.4 13623.4 10617.9 3005.46 8461.54 2156.4 8461.54 8461.54 8461.54 8461.54 8461.54 8461.54
0.279 13623.4 13623.4 13623.4 13623.4 13623.4 13623.4 13623.4 13623.4 13623.4 10617.9 3005.46 8461.54 2156.4 8461.54 8461.54 8461.54 8461.54 8461.54 8461.54
0.279 13623.4 13623.4 13623.4 13623.4 13623.4 13623.4 13623.4 13623.4 13623.4 10617.9 3005.46 8461.54 2156.4 8461.54 8461.54 8461.54 8461.54 8461.54 8461.54
0.279 13623.4 13623.4 13623.4 13623.4 13623.4 13623.4 13623.4 13623.4 13623.4 10617.9 3005.46 8461.54 2156.4 8461.54 8461.54 8461.54 8461.54 8461.54 8461.54
0.289 13623.4 13623.4 13623.4 13623.4 13623.4 13623.4 13623.4 13623.4 13623.4 10617.9 3005.46 8461.54 2156.4 8461.54 8461.54 8461.54 8461.54 8461.54 8461.54
0.279 13623.4 13623.4 13623.4 13623.4 13623.4 13623.4 13623.4 13623.4 13623.4 10617.9 3005.46 8461.54 2156.4 8461.54 8461.54 8461.54 8461.54 8461.54 8461.54
0.289 13623.4 13623.4 13623.4 13623.4 13623.4 13623.4 13623.4 13623.4 13623.4 10617.9 3005.46 8461.54 2156.4 8461.54 8461.54 8461.54 8461.54 8461.54 8461.54
0.289 13623.4 13623.4 13623.4 13623.4 13623.4 13623.4 13623.4 13623.4 13623.4 10617.9 3005.46 8461.54 2156.4 8461.54 8461.54 8461.54 8461.54 8461.54 8461.54
0.299 13623.4 13623.4 13623.4 13623.4 13623.4 13623.4 13623.4 13623.4 13623.4 10617.9 3005.46 8461.54 2156.4 8461.54 8461.54 8461.54 8461.54 8461.54 8461.54
0.289 13623.4 13623.4 13623.4 13623.4 13623.4 13623.4 13623.4 13623.4 13623.4 10617.9 3005.46 8461.54 2156.4 8461.54 8461.54 8461.54 8461.54 8461.54 8461.54
0.289 13623.4 13623.4 13623.4 13623.4 13623.4 13623.4 13623.4 13623.4 13623.4 10617.9 3005.46 8461.54 2156.4 8461.54 8461.54 8461.54 8461.54 8461.54 8461.54
0.289 13623.4 13623.4 13623.4 13623.4 13623.4 13623.4 13623.4 13623.4 13623.4 10617.9 3005.46 8461.54 2156.4 8461.54 8461.54 8461.54 8461.54 8461.54 8461.54
0.289 13623.4 13623.4 13623.4 13623.4 13623.4 13623.4 13623.4 13623.4 13623.4 10617.9 3005.46 8461.54 2156.4 8461.54 8461.54 8461.54 8461.54 8461.54 8461.54
0.289 13623.4 13623.4 13623.4 13623.4 13623.4 13623.4 13623.4 13623.4 13623.4 10617.9 3005.46 8461.54 2156.4 8461.54 8461.54 8461.54 8461.54 8461.54 8461.54
0.289 13623.4 13623.4 13623.4 13623.4 13623.4 13623.4 13623.4 13623.4 13623.4 10617.9 3005.46 8461.54 2156.4 8461.54 8461.54 8461.54 8461.54 8461.54 8461.54
0.289 13623.4 13623.4 13623.4 13623.4 13623.4 13623.4 13623.4 13623.4 13623.4 10617.9 3005.46 8461.54 2156.4 8461.54 8461.54 8461.54 8461.54 8461.54 8461.54
0.289 13623.4 13623.4 13623.4 13623.4 13623.4 13623.4 13623.4 13623.4 13623.4 10617.9 3005.46 8461.54 2156.4 8461.54 8461.54 8461.54 8461.54 8461.54 8461.54
0.289 13623.4 13623.4 13623.4 13623.4 13623.4 13623.4 13623.4 13623.4 13623.4 10617.9 3005.46 8461.54 2156.4 8461.54 8461.54 8461.54 8461.54 8461.54 8461.54
0.299 13623.4 13623.4 13623.4 13623.4 13623.4 13623.4 13623.4 13623.4 13623.4 10617.9 3005.46 8461.54 2156.4 8461.54 8461.54 8461.54 8461.54 8461.54 8461.54
0.289 13623.4 13623.4 13623.4 13623.4 13623.4 13623.4 13623.4 13623.4 13623.4 10617.9 3005.46 8461.54 2156.4 8461.54 8461.54 8461.54 8461.54 8461.54 8461.54
0.309 13623.4 13623.4 13623.4 13623.4 13623.4 13623.4 13623.4 13623.4 13623.4 10617.9 3005.46 8461.54 2156.4 8461.54 8461.54 8461.54 8461.54 8461.54 8461.54
0.299 13623.4 13623.4 13623.4 13623.4 13623.4 13623.4 13623.4 13623.4 13623.4 10617.9 3005.46 8461.54 2156.4 8461.54 8461.54 8461.54 8461.54 8461.54 8461.54
0.299 13623.4 13623.4 13623.4 13623.4 13623.4 13623.4 13623.4 13623.4 13623.4 10617.9 3005.46 8461.54 2156.4 8461.54 8461.54 8461.54 8461.54 8461.54 8461.54
0.299 13623.4 13623.4 13623.4 13623.4 13623.4 13623.4 13623.4 13623.4 13623.4 10617.9 3005.46 8461.54 2156.4 8461.54 8461.54 8461.54 8461.54 8461.54 8461.54
0.299 13623.4 13623.4 13623.4 13623.4 13623.4 13623.4 13623.4 13623.4 13623.4 10617.9 3005.46 8461.54 2156.4 8461.54 8461.54 8461.54 8461.54 8461.54 8461.54
0.299 13623.4 13623.4 13623.4 13623.4 13623.4 13623.4 13623.4 13623.4 13623.4 10617.9 3005.46 8461.54 2156.4 8461.54 8461.54 8461.54 8461.54 8461.54 8461.54
0.299 13623.4 13623.4 13623.4 13623.4 13623.4 13623.4 13623.4 13623.4 13623.4 10617.9 3005.46 8461.54 2156.4 8461.54 8461.54 8461.54 8461.54 8461.54 8461.54
0.299 13623.4 13623.4 13623.4 13623.4 13623.4 13623.4 13623.4 13623.4 13623.4 10617.9 3005.46 8461.54 2156.4 8461.54 8461.54 8461.54 8461.54 8461.54 8461.54
0.309 13623.4 13623.4 13623.4 13623.4 13623.4 13623.4 13623.4 13623.4 13623.4 10617.9 3005.46 8461.54 2156.4 8461.54 8461.54 8461.54 8461.54 8461.54 8461.54
0.299 13623.4 13623.4 13623.4 13623.4 13623.4 13623.4 13623.4 13623.4 13623.4 10617.9 3005.46 8461.54 2156.4 8461.54 8461.54 8461.54 8461.54 8461.54 8461.54
0.299 13623.4 13623.4 13623.4 13623.4 13623.4 13623.4 13623.4 13623.4 13623.4 10617.9 3005.46 8461.54 2156.4 8461.54 8461.54 8461.54 8461.54 8461.54 8461.54
0.299 13623.4 13623.4 13623.4 13623.4 13623.4 13623.4 13623.4 13623.4 13623.4 10617.9 3005.46 8461.54 2156.4 8461.54 8461.54 8461.54 8461.54 8461.54 8461.54
0.299 13623.4 13623.4 13623.4 13623.4 13623.4 13623.4 13623.4 13623.4 13623.4 10617.9 3005.46 8461.54 2156.4 8461.54 8461.54 8461.54 8461.54 8461.54 8461.54
0.299 13623.4 13623.4 13623.4 13623.4 13623.4 13623.4 13623.4 13623.4 13623.4 10617.9 3005.46 8461.54 2156.4 8461.54 8461.54 8461.54 8461.54 8461.54 8461.54
0.319 13623.4 13623.4 13623.4 13623.4 13623.4 13623.4 13623.4 13623.4 13623.4 10617.9 3005.46 8461.54 2156.4 8461.54 8461.54 8461.54 8461.54 8461.54 8461.54
0.309 13623.4 13623.4 13623.4 13623.4 13623.4 13623.4 13623.4 13623.4 13623.4 10617.9 3005.46 8461.54 2156.4 8461.54 8461.54 8461.54 8461.54 8461.54 8461.54
0.309 13623.4 13623.4 13623.4 13623.4 13623.4 13623.4 13623.4 13623.4 13623.4 10617.9 3005.46 8461.54 2156.4 8461.54 8461.54 8461.54 8461.54 8461.54 8461.54
0.309 13623.4 13623.4 13623.4 13623.4 13623.4 13623.4 13623.4 13623.4 13623.4 10617.9 3005.46 8461.54 2156.4 8461.54 8461.54 8461.54 8461.54 8461.54 8461.54
0.319 13623.4 13623.4 13623.4 13623.4 13623.4 13623.4 13623.4 13623.4 13623.4 10617.9 3005.46 8461.54 2156.4 8461.54 8461.54 8461.54 8461.54 8461.54 8461.54
0.309 13623.4 13623.4 13623.4 13623.4 13623.4 13623.4 13623.4 13623.4 13623.4 10617.9 3005.46 8461.54 2156.4 8461.54 8461.54 8461.54 8461.54 8461.54 8461.54
0.309 13623.4 13623.4 13623.4 13623.4 13623.4 13623.4 13623.4 13623.4 13623.4 10617.9 3005.46 8461.54 2156.4 8461.54 8461.54 8461.54 8461.54 8461.54 8461.54
0.309 13623.4 13623.4 13623.4 13623.4 13623.4 13623.4 13623.4 13623.4 13623.4 10617.9 3005.46 8461.54 2156.4 8461.54 8461.54 8461.54 8461.54 8461.54 8461.54
0.309 13623.4 13623.4 13623.4 13623.4 13623.4 13623.4 13623.4 13623.4 13623.4 10617.9 3005.46 8461.54 2156.4 8461.54 8461.54 8461.54 8461.54 8461.54 8461.54
0.309 13623.4 13623.4 13623.4 13623.4 13623.4 13623.4 13623.4 13623.4 13623.4 10617.9 3005.46 8461.54 2156.4 8461.54 8461.54 8461.54 8461.54 8461.54 8461.54
0.309 13623.4 13623.4 13623.4 13623.4 13623.4 13623.4 13623.4 13623.4 13623.4 10617.9 3005.46 8461.54 2156.4 8461.54 8461.54 8461.54 8461.54 8461.54 8461.54
0.309 13623.4 13623.4 13623.4 13623.4 13623.4 13623.4 13623.4 13623.4 13623.4 10617.9 3005.46 8461.54 2156.4 8461.54 8461.54 8461.54 8461.54 8461.54 8461.54
0.309 13623.4 13623.4 13623.4 13623.4 13623.4 13623.4 13623.4 13623.4 13623.4 10617.9 3005.46 8461.54 2156.4 8461.54 8461.54 8461.54 8461.54 8461.54 8461.54
0.309 13623.4 13623.4 13623.4 13623.4 13623.4 13623.4 13623.4 13623.4 13623.4 10617.9 3005.46 8461.54 2156.4 8461.54 8461.54 8461.54 8461.54 8461.54 8461.54
0.329 13623.4 13623.4 13623.4 13623.4 13623.4 13623.4 13623.4 13623.4 13623.4 10617.9 3005.46 8461.54 2156.4 8461.54 8461.54 8461.54 8461.54 8461.54 8461.54
0.319 13623.4 13623.4 13623.4 13623.4 13623.4 13623.4 13623.4 13623.4 13623.4 10617.9 3005.46 8461.54 2156.4 8461.54 8461.54 8461.54 8461.54 8461.54 8461.54
0.319 13623.4 13623.4 13623.4 13623.4 13623.4 13623.4 13623.4 13623.4 13623.4 10617.9 3005.46 8461.54 2156.4 8461.54 8461.54 8461.54 8461.54 8461.54 8461.54
0.319 13623.4 13623.4 13623.4 13623.4 13623.4 13623.4 13623.4 13623.4 13623.4 10617.9 3005.46 8461.54 2156.4 8461.54 8461.54 8461.54 8461.54 8461.54 8461.54
0.329 13623.4 13623.4 13623.4 13623.4 13623.4 13623.4 13623.4 13623.4 13623.4 10617.9 3005.46 8461.54 2156.4 8461.54 8461.54 8461.54 8461.54 8461.54 8461.54
0.319 13623.4 13623.4 13623.4 13623.4 13623.4 13623.4 13623.4 13623.4 13623.4 10617.9 3005.46 8461.54 2156.4 8461.54 8461.54 8461.54 8461.54 8461.54 8461.54
0.319 13623.4 13623.4 13623.4 13623.4 13623.4 13623.4 13623.4 13623.4 13623.4 10617.9 3005.46 8461.54 2156.4 8461.54 8461.54 8461.54 8461.54 8461.54 8461.54
0.319 13623.4 13623.4 13623.4 13623.4 13623.4 13623.4 13623.4 13623.4 13623.4 10617.9 3005.46 8461.54 2156.4 8461.54 8461.54 8461.54 8461.54 8461.54 8461.54
0.319 13623.4 13623.4 13623.4 13623.4 13623.4 13623.4 13623.4 13623.4 13623.4 10617.9 3005.46 8461.54 2156.4 8461.54 8461.54 8461.54 8461.54 8461.54 8461.54
0.319 13623.4 13623.4 13623.4 13623.4 13623.4 13623.4 13623.4 13623.4 13623.4 10617.9 3005.46 8461.54 2156.4 8461.54 8461.54 8461.54 8461.54 8461.54 8461.54
0.319 13623.4 13623.4 13623.4 13623.4 13623.4 13623.4 13623.4 13623.4 13623.4 10617.9 3005.46 8461.54 2156.4 8461.54 8461.54 8461.54 8461.54 8461.54 8461.54
0.319 13623.4 13623.4 13623.4 13623.4 13623.4 13623.4 13623.4 13623.4 13623.4 10617.9 3005.46 8461.54 2156.4 8461.54 8461.54 8461.54 8461.54 8461.54 8461.54
0.319 13623.4 13623.4 13623.4 13623.4 13623.4 13623.4 13623.4 13623.4 13623.4 10617.9 3005.46 8461.54 2156.4 8461.54 8461.54 8461.54 8461.54 8461.54 8461.54
0.339 13623.4 13623.4 13623.4 13623.4 13623.4 13623.4 13623.4 13623.4 13623.4 10617.9 3005.46 8461.54 2156.4 8461.54 8461.54 8461.54 8461.54 8461.54 8461.54
0.319 13623.4 13623.4 13623.4 13623.4 13623.4 13623.4 13623.4 13623.4 13623.4 10617.9 3005.46 8461.54 2156.4 8461.54 8461.54 8461.54 8461.54 8461.54 8461.54
0.329 13623.4 13623.4 13623.4 13623.4 13623.4 13623.4 13623.4 13623.4 13623.4 10617.9 3005.46 8461.54 2156.4 8461.54 8461.54 8461.54 8461.54 8461.54 8461.54
0.329 13623.4 13623.4 13623.4 13623.4 13623.4 13623.4 13623.4 13623.4 13623.4 10617.9 3005.46 8461.54 2156.4 8461.54 8461.54 8461.54 8461.54 8461.54 8461.54
0.329 13623.4 13623.4 13623.4 13623.4 13623.4 13623.4 13623.4 13623.4 13623.4 10617.9 3005.46 8461.54 2156.4 8461.54 8461.54 8461.54 8461.54 8461.54 8461.54
0.339 13623.4 13623.4 13623.4 13623.4 13623.4 13623.4 13623.4 13623.4 13623.4 10617.9 3005.46 8461.54 2156.4 8461.54 8461.54 8461.54 8461.54 8461.54 8461.54
0.329 13623.4 13623.4 13623.4 13623.4 13623.4 13623.4 13623.4 13623.4 13623.4 10617.9 3005.46 8461.54 2156.4 8461.54 8461.54 8461.54 8461.54 8461.54 8461.54
0.329 13623.4 13623.4 13623.4 13623.4 13623.4 13623.4 13623.4 13623.4 13623.4 10617.9 3005.46 8461.54 2156.4 8461.54 8461.54 8461.54 8461.54 8461.54 8461.54
0.329 13623.4 13623.4 13623.4 13623.4 13623.4 13623.4 13623.4 13623.4 13623.4 10617.9 3005.46 8461.54 2156.4 8461.54 8461.54 8461.54 8461.54 8461.54 8461.54
0.329 13623.4 13623.4 13623.4 13623.4 13623.4 13623.4 13623.4 13623.4 13623.4 10617.9 3005.46 8461.54 2156.4 8461.54 8461.54 8461.54 8461.54 8461.54 8461.54
0.329 13623.4 13623.4 13623.4 13623.4 13623.4 13623.4 13623.4 13623.4 13623.4 10617.9 3005.46 8461.54 2156.4 8461.54 8461.54 8461.54 8461.54 8461.54 8461.54
0.329 13623.4 13623.4 13623.4 13623.4 13623.4 13623.4 13623.4 13623.4 13623.4 10617.9 3005.46 8461.54 2156.4 8461.54 8461.54 8461.54 8461.54 8461.54 8461.54
0.329 13623.4 13623.4 13623.4 13623.4 13623.4 13623.4 13623.4 13623.4 13623.4 10617.9 3005.46 8461.54 2156.4 8461.54 8461.54 8461.54 8461.54 8461.54 8461.54
0.329 13623.4 13623.4 13623.4 13623.4 13623.4 13623.4 13623.4 13623.4 13623.4 10617.9 3005.46 8461.54 2156.4 8461.54 8461.54 8461.54 8461.54 8461.54 8461.54
0.349 13623.4 13623.4 13623.4 13623.4 13623.4 13623.4 13623.4 13623.4 13623.4 10617.9 3005.46 8461.54 2156.4 8461.54 8461.54 8461.54 8461.54 8461.54 8461.54
0.329 13623.4 13623.4 13623.4 13623.4 13623.4 13623.4 13623.4 13623.4 13623.4 10617.9 3005.46 8461.54 2156.4 8461.54 8461.54 8461.54 8461.54 8461.54 8461.54
0.339 13623.4 13623.4 13623.4 13623.4 13623.4 13623.4 13623.4 13623.4 13623.4 10617.9 3005.46 8461.54 2156.4 8461.54 8461.54 8461.54 8461.54 8461.54 8461.54
0.339 13623.4 13623.4 13623.4 13623.4 13623.4 13623.4 13623.4 13623.4 13623.4 10617.9 3005.46 8461.54 2156.4 8461.54 8461.54 8461.54 8461.54 8461.54 8461.54
0.339 13623.4 13623.4 13623.4 13623.4 13623.4 13623.4 13623.4 13623.4 13623.4 10617.9 3005.46 8461.54 2156.4 8461.54 8461.54 8461.54 8461.54 8461.54 8461.54
0.349 13623.4 13623.4 13623.4 13623.4 13623.4 13623.4 13623.4 13623.4 13623.4 10617.9 3005.46 8461.54 2156.4 8461.54 8461.54 8461.54 8461.54 8461.54 8461.54
0.339 13623.4 13623.4 13623.4 13623.4 13623.4 13623.4 13623.4 13623.4 13623.4 10617.9 3005.46 8461.54 2156.4 8461.54 8461.54 8461.54 8461.54 8461.54 8461.54
0.339 13623.4 13623.4 13623.4 13623.4 13623.4 13623.4 13623.4 13623.4 13623.4 10617.9 3005.46 8461.54 2156.4 8461.54 8461.54 8461.54 8461.54 8461.54 8461.54
0.339 13623.4 13623.4 13623.4 13623.4 13623.4 13623.4 13623.4 13623.4 13623.4 10617.9 3005.46 8461.54 2156.4 8461.54 8461.54 8461.54 8461.54 8461.54 8461.54
0.339 13623.4 13623.4 13623.4 13623.4 13623.4 13623.4 13623.4 13623.4 13623.4 10617.9 3005.46 8461.54 2156.4 8461.54 8461.54 8461.54 8461.54 8461.54 8461.54
0.339 13623.4 13623.4 13623.4 13623.4 13623.4 13623.4 13623.4 13623.4 13623.4 10617.9 3005.46 8461.54 2156.4 8461.54 8461.54 8461.54 8461.54 8461.54 8461.54
0.339 13623.4 13623.4 13623.4 13623.4 13623.4 13623.4 13623.4 13623.4 13623.4 10617.9 3005.46 8461.54 2156.4 8461.54 8461.54 8461.54 8461.54 8461.54 8461.54
0.339 13623.4 13623.4 13623.4 13623.4 13623.4 13623.4 13623.4 13623.4 13623.4 10617.9 3005.46 8461.54 2156.4 8461.54 8461.54 8461.54 8461.54 8461.54 8461.54
0.339 13623.4 13623.4 13623.4 13623.4 13623.4 13623.4 13623.4 13623.4 13623.4 10617.9 3005.46 8461.54 2156.4 8461.54 8461.54 8461.54 8461.54 8461.54 8461.54
0.339 13623.4 13623.4 13623.4 13623.4 13623.4 13623.4 13623.4 13623.4 13623.4 10617.9 3005.46 8461.54 2156.4 8461.54 8461.54 8461.54 8461.54 8461.54 8461.54
0.359 13623.4 13623.4 13623.4 13623.4 13623.4 13623.4 13623.4 13623.4 13623.4 10617.9 3005.46 8461.54 2156.4 8461.54 8461.54 8461.54 8461.54 8461.54 8461.54
0.349 13623.4 13623.4 13623.4 13623.4 13623.4 13623.4 13623.4 13623.4 13623.4 10617.9 3005.46 8461.54 2156.4 8461.54 8461.54 8461.54 8461.54 8461.54 8461.54
0.349 13623.4 13623.4 13623.4 13623.4 13623.4 13623.4 13623.4 13623.4 13623.4 10617.9 3005.46 8461.54 2156.4 8461.54 8461.54 8461.54 8461.54 8461.54 8461.54
0.349 13623.4 13623.4 13623.4 13623.4 13623.4 13623.4 13623.4 13623.4 13623.4 10617.9 3005.46 8461.54 2156.4 8461.54 8461.54 8461.54 8461.54 8461.54 8461.54
0.349 13623.4 13623.4 13623.4 13623.4 13623.4 13623.4 13623.4 13623.4 13623.4 10617.9 3005.46 8461.54 2156.4 8461.54 8461.54 8461.54 8461.54 8461.54 8461.54
0.349 13623.4 13623.4 13623.4 13623.4 13623.4 13623.4 13623.4 13623.4 13623.4 10617.9 3005.46 8461.54 2156.4 8461.54 8461.54 8461.54 8461.54 8461.54 8461.54
0.349 13623.4 13623.4 13623.4 13623.4 13623.4 13623.4 13623.4 13623.4 13623.4 10617.9 3005.46 8461.54 2156.4 8461.54 8461.54 8461.54 8461.54 8461.54 8461.54
0.349 13623.4 13623.4 13623.4 13623.4 13623.4 13623.4 13623.4 13623.4 13623.4 10617.9 3005.46 8461.54 2156.4 8461.54 8461.54 8461.54 8461.54 8461.54 8461.54
0.349 13623.4 13623.4 13623.4 13623.4 13623.4 13623.4 13623.4 13623.4 13623.4 10617.9 3005.46 8461.54 2156.4 8461.54 8461.54 8461.54 8461.54 8461.54 8461.54
0.359 13623.4 13623.4 13623.4 13623.4 13623.4 13623.4 13623.4 13623.4 13623.4 10617.9 3005.46 8461.54 2156.4 8461.54 8461.54 8461.54 8461.54 8461.54 8461.54
0.349 13623.4 13623.4 13623.4 13623.4 13623.4 13623.4 13623.4 13623.4 13623.4 10617.9 3005.46 8461.54 2156.4 8461.54 8461.54 8461.54 8461.54 8461.54 8461.54
0.349 13623.4 13623.4 13623.4 13623.4 13623.4 13623.4 13623.4 13623.4 13623.4 10617.9 3005.46 8461.54 2156.4 8461.54 8461.54 8461.54 8461.54 8461.54 8461.54
0.349 13623.4 13623.4 13623.4 13623.4 13623.4 13623.4 13623.4 13623.4 13623.4 10617.9 3005.46 8461.54 2156.4 8461.54 8461.54 8461.54 8461.54 8461.54 8461.54
0.349 13623.4 13623.4 13623.4 13623.4 13623.4 13623.4 13623.4 13623.4 13623.4 10617.9 3005.46 8461.54 2156.4 8461.54 8461.54 8461.54 8461.54 8461.54 8461.54
0.359 13623.4 13623.4 13623.4 13623.4 13623.4 13623.4 13623.4 13623.4 13623.4 10617.9 3005.46 8461.54 2156.4 8461.54 8461.54 8461.54 8461.54 8461.54 8461.54
0.369 13623.4 13623.4 13623.4 13623.4 13623.4 13623.4 13623.4 13623.4 13623.4 10617.9 3005.46 8461.54 2156.4 8461.54 8461.54 8461.54 8461.54 8461.54 8461.54
0.359 13623.4 13623.4 13623.4 13623.4 13623.4 13623.4 13623.4 13623.4 13623.4 10617.9 3005.46 8461.54 2156.4 8461.54 8461.54 8461.54 8461.54 8461.54 8461.54
0.359 13623.4 13623.4 13623.4 13623.4 13623.4 13623.4 13623.4 13623.4 13623.4 10617.9 3005.46 8461.54 2156.4 8461.54 8461.54 8461.54 8461.54 8461.54 8461.54
0.359 13623.4 13623.4 13623.4 13623.4 13623.4 13623.4 13623.4 13623.4 13623.4 10617.9 3005.46 8461.54 2156.4 8461.54 8461.54 8461.54 8461.54 8461.54 8461.54
0.359 13623.4 13623.4 13623.4 13623.4 13623.4 13623.4 13623.4 13623.4 13623.4 10617.9 3005.46 8461.54 2156.4 8461.54 8461.54 8461.54 8461.54 8461.54 8461.54
0.359 13623.4 13623.4 13623.4 13623.4 13623.4 13623.4 13623.4 13623.4 13623.4 10617.9 3005.46 8461.54 2156.4 8461.54 8461.54 8461.54 8461.54 8461.54 8461.54
0.359 13623.4 13623.4 13623.4 13623.4 13623.4 13623.4 13623.4 13623.4 13623.4 10617.9 3005.46 8461.54 2156.4 8461.54 8461.54 8461.54 8461.54 8461.54 8461.54
0.359 13623.4 13623.4 13623.4 13623.4 13623.4 13623.4 13623.4 13623.4 13623.4 10617.9 3005.46 8461.54 2156.4 8461.54 8461.54 8461.54 8461.54 8461.54 8461.54
0.359 13623.4 13623.4 13623.4 13623.4 13623.4 13623.4 13623.4 13623.4 13623.4 10617.9 3005.46 8461.54 2156.4 8461.54 8461.54 8461.54 8461.54 8461.54 8461.54
0.369 13623.4 13623.4 13623.4 13623.4 13623.4 13623.4 13623.4 13623.4 13623.4 10617.9 3005.46 8461.54 2156.4 8461.54 8461.54 8461.54 8461.54 8461.54 8461.54
0.359 13623.4 13623.4 13623.4 13623.4 13623.4 13623.4 13623.4 13623.4 13623.4 10617.9 3005.46 8461.54 2156.4 8461.54 8461.54 8461.54 8461.54 8461.54 8461.54
0.359 13623.4 13623.4 13623.4 13623.4 13623.4 13623.4 13623.4 13623.4 13623.4 10617.9 3005.46 8461.54 2156.4 8461.54 8461.54 8461.54 8461.54 8461.54 8461.54
0.359 13623.4 13623.4 13623.4 13623.4 13623.4 13623.4 13623.4 13623.4 13623.4 10617.9 3005.46 8461.54 2156.4 8461.54 8461.54 8461.54 8461.54 8461.54 8461.54
0.379 13623.4 13623.4 13623.4 13623.4 13623.4 13623.4 13623.4 13623.4 13623.4 10617.9 3005.46 8461.54 2156.4 8461.54 8461.54 8461.54 8461.54 8461.54 8461.54
0.369 13623.4 13623.4 13623.4 13623.4 13623.4 13623.4 13623.4 13623.4 13623.4 10617.9 3005.46 8461.54 2156.4 8461.54 8461.54 8461.54 8461.54 8461.54 8461.54
0.369 13623.4 13623.4 13623.4 13623.4 13623.4 13623.4 13623.4 13623.4 13623.4 10617.9 3005.46 8461.54 2156.4 8461.54 8461.54 8461.54 8461.54 8461.54 8461.54
0.369 13623.4 13623.4 13623.4 13623.4 13623.4 13623.4 13623.4 13623.4 13623.4 10617.9 3005.46 8461.54 2156.4 8461.54 8461.54 8461.54 8461.54 8461.54 8461.54
0.379 13623.4 13623.4 13623.4 13623.4 13623.4 13623.4 13623.4 13623.4 13623.4 10617.9 3005.46 8461.54 2156.4 8461.54 8461.54 8461.54 8461.54 8461.54 8461.54
0.369 13623.4 13623.4 13623.4 13623.4 13623.4 13623.4 13623.4 13623.4 13623.4 10617.9 3005.46 8461.54 2156.4 8461.54 8461.54 8461.54 8461.54 8461.54 8461.54
0.369 13623.4 13623.4 13623.4 13623.4 13623.4 13623.4 13623.4 13623.4 13623.4 10617.9 3005.46 8461.54 2156.4 8461.54 8461.54 8461.54 8461.54 8461.54 8461.54
0.369 13623.4 13623.4 13623.4 13623.4 13623.4 13623.4 13623.4 13623.4 13623.4 10617.9 3005.46 8461.54 2156.4 8461.54 8461.54 8461.54 8461.54 8461.54 8461.54
0.369 13623.4 13623.4 13623.4 13623.4 13623.4 13623.4 13623.4 13623.4 13623.4 10617.9 3005.46 8461.54 2156.4 8461.54 8461.54 8461.54 8461.54 8461.54 8461.54
0.369 13623.4 13623.4 13623.4 13623.4 13623.4 13623.4 13623.4 13623.4 13623.4 10617.9 3005.46 8461.54 2156.4 8461.54 8461.54 8461.54 8461.54 8461.54 8461.54
0.369 13623.4 13623.4 13623.4 13623.4 13623.4 13623.4 13623.4 13623.4 13623.4 10617.9 3005.46 8461.54 2156.4 8461.54 8461.54 8461.54 8461.54 8461.54 8461.54
0.369 13623.4 13623.4 13623.4 13623.4 13623.4 13623.4 13623.4 13623.4 13623.4 10617.9 3005.46 8461.54 2156.4 8461.54 8461.54 8461.54 8461.54 8461.54 8461.54
0.369 13623.4 13623.4 13623.4 13623.4 13623.4 13623.4 13623.4 13623.4 13623.4 10617.9 3005.46 8461.54 2156.4 8461.54 8461.54 8461.54 8461.54 8461.54 8461.54
0.389 13623.4 13623.4 13623.4 13623.4 13623.4 13623.4 13623.4 13623.4 13623.4 10617.9 3005.46 8461.54 2156.4 8461.54 8461.54 8461.54 8461.54 8461.54 8461.54
0.369 13623.4 13623.4 13623.4 13623.4 13623.4 13623.4 13623.4 13623.4 13623.4 10617.9 3005.46 8461.54 2156.4 8461.54 8461.54 8461.54 8461.54 8461.54 8461.54
0.379 13623.4 13623.4 13623.4 13623.4 13623.4 13623.4 13623.4 13623.4 13623.4 10617.9 3005.46 8461.54 2156.4 8461.54 8461.54 8461.54 8461.54 8461.54 8461.54
0.379 13623.4 13623.4 13623.4 13623.4 13623.4 13623.4 13623.4 13623.4 13623.4 10617.9 3005.46 8461.54 2156.4 8461.54 8461.54 8461.54 8461.54 8461.54 8461.54
0.389 13623.4 13623.4 13623.4 13623.4 13623.4 13623.4 13623.4 13623.4 13623.4 10617.9 3005.46 8461.54 2156.4 8461.54 8461.54 8461.54 8461.54 8461.54 8461.54
0.379 13623.4 13623.4 13623.4 13623.4 13623.4 13623.4 13623.4 13623.4 13623.4 10617.9 3005.46 8461.54 2156.4 8461.54 8461.54 8461.54 8461.54 8461.54 8461.54
0.379 13623.4 13623.4 13623.4 13623.4 13623.4 13623.4 13623.4 13623.4 13623.4 10617.9 3005.46 8461.54 2156.4 8461.54 8461.54 8461.54 8461.54 8461.54 8461.54
0.379 13623.4 13623.4 13623.4 13623.4 13623.4 13623.4 13623.4 13623.4 13623.4 10617.9 3005.46 8461.54 2156.4 8461.54 8461.54 8461.54 8461.54 8461.54 8461.54
0.379 13623.4 13623.4 13623.4 13623.4 13623.4 13623.4 13623.4 13623.4 13623.4 10617.9 3005.46 8461.54 2156.4 8461.54 8461.54 8461.54 8461.54 8461.54 8461.54
0.379 13623.4 13623.4 13623.4 13623.4 13623.4 13623.4 13623.4 13623.4 13623.4 10617.9 3005.46 8461.54 2156.4 8461.54 8461.54 8461.54 8461.54 8461.54 8461.54
0.379 13623.4 13623.4 13623.4 13623.4 13623.4 13623.4 13623.4 13623.4 13623.4 10617.9 3005.46 8461.54 2156.4 8461.54 8461.54 8461.54 8461.54 8461.54 8461.54
0.379 13623.4 13623.4 13623.4 13623.4 13623.4 13623.4 13623.4 13623.4 13623.4 10617.9 3005.46 8461.54 2156.4 8461.54 8461.54 8461.54 8461.54 8461.54 8461.54
0.379 13623.4 13623.4 13623.4 13623.4 13623.4 13623.4 13623.4 13623.4 13623.4 10617.9 3005.46 8461.54 2156.4 8461.54 8461.54 8461.54 8461.54 8461.54 8461.54
0.399 13623.4 13623.4 13623.4 13623.4 13623.4 13623.4 13623.4 13623.4 13623.4 10617.9 3005.46 8461.54 2156.4 8461.54 8461.54 8461.54 8461.54 8461.54 8461.54
0.379 13623.4 13623.4 13623.4 13623.4 13623.4 13623.4 13623.4 13623.4 13623.4 10617.9 3005.46 8461.54 2156.4 8461.54 8461.54 8461.54 8461.54 8461.54 8461.54
0.379 13623.4 13623.4 13623.4 13623.4 13623.4 13623.4 13623.4 13623.4 13623.4 10617.9 3005.46 8461.54 2156.4 8461.54 8461.54 8461.54 8461.54 8461.54 8461.54
0.389 13623.4 13623.4 13623.4 13623.4 13623.4 13623.4 13623.4 13623.4 13623.4 10617.9 3005.46 8461.54 2156.4 8461.54 8461.54 8461.54 8461.54 8461.54 8461.54
0.389 13623.4 13623.4 13623.4 13623.4 13623.4 13623.4 13623.4 13623.4 13623.4 10617.9 3005.46 8461.54 2156.4 8461.54 8461.54 8461.54 8461.54 8461.54 8461.54
0.399 13623.4 13623.4 13623.4 13623.4 13623.4 13623.4 13623.4 13623.4 13623.4 10617.9 3005.46 8461.54 2156.4 8461.54 8461.54 8461.54 8461.54 8461.54 8461.54
0.389 13623.4 13623.4 13623.4 13623.4 13623.4 13623.4 13623.4 13623.4 13623.4 10617.9 3005.46 8461.54 2156.4 8461.54 8461.54 8461.54 8461.54 8461.54 8461.54
0.389 13623.4 13623.4 13623.4 13623.4 13623.4 13623.4 13623.4 13623.4 13623.4 10617.9 3005.46 8461.54 2156.4 8461.54 8461.54 8461.54 8461.54 8461.54 8461.54
0.389 13623.4 13623.4 13623.4 13623.4 13623.4 13623.4 13623.4 13623.4 13623.4 10617.9 3005.46 8461.54 2156.4 8461.54 8461.54 8461.54 8461.54 8461.54 8461.54
0.389 13623.4 13623.4 13623.4 13623.4 13623.4 13623.4 13623.4 13623.4 13623.4 10617.9 3005.46 8461.54 2156.4 8461.54 8461.54 8461.54 8461.54 8461.54 8461.54
0.389 13623.4 13623.4 13623.4 13623.4 13623.4 13623.4 13623.4 13623.4 13623.4 10617.9 3005.46 8461.54 2156.4 8461.54 8461.54 8461.54 8461.54 8461.54 8461.54
0.389 13623.4 13623.4 13623.4 13623.4 13623.4 13623.4 13623.4 13623.4 13623.4 10617.9 3005.46 8461.54 2156.4 8461.54 8461.54 8461.54 8461.54 8461.54 8461.54
0.389 13623.4 13623.4 13623.4 13623.4 13623.4 13623.4 13623.4 13623.4 13623.4 10617.9 3005.46 8461.54 2156.4 8461.54 8461.54 8461.54 8461.54 8461.54 8461.54
0.389 13623.4 13623.4 13623.4 13623.4 13623.4 13623.4 13623.4 13623.4 13623.4 10617.9 3005.46 8461.54 2156.4 8461.54 8461.54 8461.54 8461.54 8461.54 8461.54
0.409 13623.4 13623.4 13623.4 13623.4 13623.4 13623.4 13623.4 13623.4 13623.4 10617.9 3005.46 8461.54 2156.4 8461.54 8461.54 8461.54 8461.54 8461.54 8461.54
0.389 13623.4 13623.4 13623.4 13623.4 13623.4 13623.4 13623.4 13623.4 13623.4 10617.9 3005.46 8461.54 2156.4 8461.54 8461.54 8461.54 8461.54 8461.54 8461.54
0.389 13623.4 13623.4 13623.4 13623.4 13623.4 13623.4 13623.4 13623.4 13623.4 10617.9 3005.46 8461.54 2156.4 8461.54 8461.54 8461.54 8461.54 8461.54 8461.54
0.399 13623.4 13623.4 13623.4 13623.4 13623.4 13623.4 13623.4 13623.4 13623.4 10617.9 3005.46 8461.54 2156.4 8461.54 8461.54 8461.54 8461.54 8461.54 8461.54
0.399 13623.4 13623.4 13623.4 13623.4 13623.4 13623.4 13623.4 13623.4 13623.4 10617.9 3005.46 8461.54 2156.4 8461.54 8461.54 8461.54 8461.54 8461.54 8461.54
0.409 13623.4 13623.4 13623.4 13623.4 13623.4 13623.4 13623.4 13623.4 13623.4 10617.9 3005.46 8461.54 2156.4 8461.54 8461.54 8461.54 8461.54 8461.54 8461.54
0.399 13623.4 13623.4 13623.4 13623.4 13623.4 13623.4 13623.4 13623.4 13623.4 10617.9 3005.46 8461.54 2156.4 8461.54 8461.54 8461.54 8461.54 8461.54 8461.54
0.399 13623.4 13623.4 13623.4 13623.4 13623.4 13623.4 13623.4 13623.4 13623.4 10617.9 3005.46 8461.54 2156.4 8461.54 8461.54 8461.54 8461.54 8461.54 8461.54
0.399 13623.4 13623.4 13623.4 13623.4 13623.4 13623.4 13623.4 13623.4 13623.4 10617.9 3005.46 8461.54 2156.4 8461.54 8461.54 8461.54 8461.54 8461.54 8461.54
0.399 13623.4 13623.4 13623.4 13623.4 13623.4 13623.4 13623.4 13623.4 13623.4 10617.9 3005.46 8461.54 2156.4 8461.54 8461.54 8461.54 8461.54 8461.54 8461.54
0.399 13623.4 13623.4 13623.4 13623.4 13623.4 13623.4 13623.4 13623.4 13623.4 10617.9 3005.46 8461.54 2156.4 8461.54 8461.54 8461.54 8461.54 8461.54 8461.54
0.399 13623.4 13623.4 13623.4 13623.4 13623.4 13623.4 13623.4 13623.4 13623.4 10617.9 3005.46 8461.54 2156.4 8461.54 8461.54 8461.54 8461.54 8461.54 8461.54
0.399 13623.4 13623.4 13623.4 13623.4 13623.4 13623.4 13623.4 13623.4 13623.4 10617.9 3005.46 8461.54 2156.4 8461.54 8461.54 8461.54 8461.54 8461.54 8461.54
0.399 13623.4 13623.4 13623.4 13623.4 13623.4 13623.4 13623.4 13623.4 13623.4 10617.9 3005.46 8461.54 2156.4 8461.54 8461.54 8461.54 8461.54 8461.54 8461.54
0.419 13623.4 13623.4 13623.4 13623.4 13623.4 13623.4 13623.4 13623.4 13623.4 10617.9 3005.46 8461.54 2156.4 8461.54 8461.54 8461.54 8461.54 8461.54 8461.54
0.399 13623.4 13623.4 13623.4 13623.4 13623.4 13623.4 13623.4 13623.4 13623.4 10617.9 3005.46 8461.54 2156.4 8461.54 8461.54 8461.54 8461.54 8461.54 8461.54
0.399 13623.4 13623.4 13623.4 13623.4 13623.4 13623.4 13623.4 13623.4 13623.4 10617.9 3005.46 8461.54 2156.4 8461.54 8461.54 8461.54 8461.54 8461.54 8461.54
0.409 13623.4 13623.4 13623.4 13623.4 13623.4 13623.4 13623.4 13623.4 13623.4 10617.9 3005.46 8461.54 2156.4 8461.54 8461.54 8461.54 8461.54 8461.54 8461.54
0.409 13623.4 13623.4 13623.4 13623.4 13623.4 13623.4 13623.4 13623.4 13623.4 10617.9 3005.46 8461.54 2156.4 8461.54 8461.54 8461.54 8461.54 8461.54 8461.54
0.419 13623.4 13623.4 13623.4 13623.4 13623.4 13623.4 13623.4 13623.4 13623.4 10617.9 3005.46 8461.54 2156.4 8461.54 8461.54 8461.54 8461.54 8461.54 8461.54
0.409 13623.4 13623.4 13623.4 13623.4 13623.4 13623.4 13623.4 13623.4 13623.4 10617.9 3005.46 8461.54 2156.4 8461.54 8461.54 8461.54 8461.54 8461.54 8461.54
0.409 13623.4 13623.4 13623.4 13623.4 13623.4 13623.4 13623.4 13623.4 13623.4 10617.9 3005.46 8461.54 2156.4 8461.54 8461.54 8461.54 8461.54 8461.54 8461.54
0.409 13623.4 13623.4 13623.4 13623.4 13623.4 13623.4 13623.4 13623.4 13623.4 10617.9 3005.46 8461.54 2156.4 8461.54 8461.54 8461.54 8461.54 8461.54 8461.54
0.409 13623.4 13623.4 13623.4 13623.4 13623.4 13623.4 13623.4 13623.4 13623.4 10617.9 3005.46 8461.54 2156.4 8461.54 8461.54 8461.54 8461.54 8461.54 8461.54
0.409 13623.4 13623.4 13623.4 13623.4 13623.4 13623.4 13623.4 13623.4 13623.4 10617.9 3005.46 8461.54 2156.4 8461.54 8461.54 8461.54 8461.54 8461.54 8461.54
0.409 13623.4 13623.4 13623.4 13623.4 13623.4 13623.4 13623.4 13623.4 13623.4 10617.9 3005.46 8461.54 2156.4 8461.54 8461.54 8461.54 8461.54 8461.54 8461.54
0.409 13623.4 13623.4 13623.4 13623.4 13623.4 13623.4 13623.4 13623.4 13623.4 10617.9 3005.46 8461.54 2156.4 8461.54 8461.54 8461.54 8461.54 8461.54 8461.54
0.409 13623.4 13623.4 13623.4 13623.4 13623.4 13623.4 13623.4 13623.4 13623.4 10617.9 3005.46 8461.54 2156.4 8461.54 8461.54 8461.54 8461.54 8461.54 8461.54
0.429 13623.4 13623.4 13623.4 13623.4 13623.4 13623.4 13623.4 13623.4 13623.4 10617.9 3005.46 8461.54 2156.4 8461.54 8461.54 8461.54 8461.54 8461.54 8461.54
0.409 13623.4 13623.4 13623.4 13623.4 13623.4 13623.4 13623.4 13623.4 13623.4 10617.9 3005.46 8461.54 2156.4 8461.54 8461.54 8461.54 8461.54 8461.54 8461.54
0.409 13623.4 13623.4 13623.4 13623.4 13623.4 13623.4 13623.4 13623.4 13623.4 10617.9 3005.46 8461.54 2156.4 8461.54 8461.54 8461.54 8461.54 8461.54 8461.54
0.419 13623.4 13623.4 13623.4 13623.4 13623.4 13623.4 13623.4 13623.4 13623.4 10617.9 3005.46 8461.54 2156.4 8461.54 8461.54 8461.54 8461.54 8461.54 8461.54
0.419 13623.4 13623.4 13623.4 13623.4 13623.4 13623.4 13623.4 13623.4 13623.4 10617.9 3005.46 8461.54 2156.4 8461.54 8461.54 8461.54 8461.54 8461.54 8461.54
0.429 13623.4 13623.4 13623.4 13623.4 13623.4 13623.4 13623.4 13623.4 13623.4 10617.9 3005.46 8461.54 2156.4 8461.54 8461.54 8461.54 8461.54 8461.54 8461.54
0.419 13623.4 13623.4 13623.4 13623.4 13623.4 13623.4 13623.4 13623.4 13623.4 10617.9 3005.46 8461.54 2156.4 8461.54 8461.54 8461.54 8461.54 8461.54 8461.54
0.419 13623.4 13623.4 13623.4 13623.4 13623.4 13623.4 13623.4 13623.4 13623.4 10617.9 3005.46 8461.54 2156.4 8461.54 8461.54 8461.54 8461.54 8461.54 8461.54
0.419 13623.4 13623.4 13623.4 13623.4 13623.4 13623.4 13623.4 13623.4 13623.4 10617.9 3005.46 8461.54 2156.4 8461.54 8461.54 8461.54 8461.54 8461.54 8461.54
0.419 13623.4 13623.4 13623.4 13623.4 13623.4 13623.4 13623.4 13623.4 13623.4 10617.9 3005.46 8461.54 2156.4 8461.54 8461.54 8461.54 8461.54 8461.54 8461.54
0.419 13623.4 13623.4 13623.4 13623.4 13623.4 13623.4 13623.4 13623.4 13623.4 10617.9 3005.46 8461.54 2156.4 8461.54 8461.54 8461.54 8461.54 8461.54 8461.54
0.419 13623.4 13623.4 13623.4 13623.4 13623.4 13623.4 13623.4 13623.4 13623.4 10617.9 3005.46 8461.54 2156.4 8461.54 8461.54 8461.54 8461.54 8461.54 8461.54
0.419 13623.4 13623.4 13623.4 13623.4 13623.4 13623.4 13623.4 13623.4 13623.4 10617.9 3005.46 8461.54 2156.4 8461.54 8461.54 8461.54 8461.54 8461.54 8461.54
0.419 13623.4 13623.4 13623.4 13623.4 13623.4 13623.4 13623.4 13623.4 13623.4 10617.9 3005.46 8461.54 2156.4 8461.54 8461.54 8461.54 8461.54 8461.54 8461.54
0.419 13623.4 13623.4 13623.4 13623.4 13623.4 13623.4 13623.4 13623.4 13623.4 10617.9 3005.46 8461.54 2156.4 8461.54 8461.54 8461.54 8461.54 8461.54 8461.54
0.439 13623.4 13623.4 13623.4 13623.4 13623.4 13623.4 13623.4 13623.4 13623.4 10617.9 3005.46 8461.54 2156.4 8461.54 8461.54 8461.54 8461.54 8461.54 8461.54
0.419 13623.4 13623.4 13623.4 13623.4 13623.4 13623.4 13623.4 13623.4 13623.4 10617.9 3005.46 8461.54 2156.4 8461.54 8461.54 8461.54 8461.54 8461.54 8461.54
0.429 13623.4 13623.4 13623.4 13623.4 13623.4 13623.4 13623.4 13623.4 13623.4 10617.9 3005.46 8461.54 2156.4 8461.54 8461.54 8461.54 8461.54 8461.54 8461.54
0.429 13623.4 13623.4 13623.4 13623.4 13623.4 13623.4 13623.4 13623.4 13623.4 10617.9 3005.46 8461.54 2156.4 8461.54 8461.54 8461.54 8461.54 8461.54 8461.54
0.429 13623.4 13623.4 13623.4 13623.4 13623.4 13623.4 13623.4 13623.4 13623.4 10617.9 3005.46 8461.54 2156.4 8461.54 8461.54 8461.54 8461.54 8461.54 8461.54
0.429 13623.4 13623.4 13623.4 13623.4 13623.4 13623.4 13623.4 13623.4 13623.4 10617.9 3005.46 8461.54 2156.4 8461.54 8461.54 8461.54 8461.54 8461.54 8461.54
0.429 13623.4 13623.4 13623.4 13623.4 13623.4 13623.4 13623.4 13623.4 13623.4 10617.9 3005.46 8461.54 2156.4 8461.54 8461.54 8461.54 8461.54 8461.54 8461.54
0.429 13623.4 13623.4 13623.4 13623.4 13623.4 13623.4 13623.4 13623.4 13623.4 10617.9 3005.46 8461.54 2156.4 8461.54 8461.54 8461.54 8461.54 8461.54 8461.54
0.439 13623.4 13623.4 13623.4 13623.4 13623.4 13623.4 13623.4 13623.4 13623.4 10617.9 3005.46 8461.54 2156.4 8461.54 8461.54 8461.54 8461.54 8461.54 8461.54
0.429 13623.4 13623.4 13623.4 13623.4 13623.4 13623.4 13623.4 13623.4 13623.4 10617.9 3005.46 8461.54 2156.4 8461.54 8461.54 8461.54 8461.54 8461.54 8461.54
0.429 13623.4 13623.4 13623.4 13623.4 13623.4 13623.4 13623.4 13623.4 13623.4 10617.9 3005.46 8461.54 2156.4 8461.54 8461.54 8461.54 8461.54 8461.54 8461.54
0.429 13623.4 13623.4 13623.4 13623.4 13623.4 13623.4 13623.4 13623.4 13623.4 10617.9 3005.46 8461.54 2156.4 8461.54 8461.54 8461.54 8461.54 8461.54 8461.54
0.429 13623.4 13623.4 13623.4 13623.4 13623.4 13623.4 13623.4 13623.4 13623.4 10617.9 3005.46 8461.54 2156.4 8461.54 8461.54 8461.54 8461.54 8461.54 8461.54
0.429 13623.4 13623.4 13623.4 13623.4 13623.4 13623.4 13623.4 13623.4 13623.4 10617.9 3005.46 8461.54 2156.4 8461.54 8461.54 8461.54 8461.54 8461.54 8461.54
0.449 13623.4 13623.4 13623.4 13623.4 13623.4 13623.4 13623.4 13623.4 13623.4 10617.9 3005.46 8461.54 2156.4 8461.54 8461.54 8461.54 8461.54 8461.54 8461.54
0.429 13623.4 13623.4 13623.4 13623.4 13623.4 13623.4 13623.4 13623.4 13623.4 10617.9 3005.46 8461.54 2156.4 8461.54 8461.54 8461.54 8461.54 8461.54 8461.54
0.439 13623.4 13623.4 13623.4 13623.4 13623.4 13623.4 13623.4 13623.4 13623.4 10617.9 3005.46 8461.54 2156.4 8461.54 8461.54 8461.54 8461.54 8461.54 8461.54
0.439 13623.4 13623.4 13623.4 13623.4 13623.4 13623.4 13623.4 13623.4 13623.4 10617.9 3005.46 8461.54 2156.4 8461.54 8461.54 8461.54 8461.54 8461.54 8461.54
0.449 13623.4 13623.4 13623.4 13623.4 13623.4 13623.4 13623.4 13623.4 13623.4 10617.9 3005.46 8461.54 2156.4 8461.54 8461.54 8461.54 8461.54 8461.54 8461.54
0.439 13623.4 13623.4 13623.4 13623.4 13623.4 13623.4 13623.4 13623.4 13623.4 10617.9 3005.46 8461.54 2156.4 8461.54 8461.54 8461.54 8461.54 8461.54 8461.54
0.439 13623.4 13623.4 13623.4 13623.4 13623.4 13623.4 13623.4 13623.4 13623.4 10617.9 3005.46 8461.54 2156.4 8461.54 8461.54 8461.54 8461.54 8461.54 8461.54
0.439 13623.4 13623.4 13623.4 13623.4 13623.4 13623.4 13623.4 13623.4 13623.4 10617.9 3005.46 8461.54 2156.4 8461.54 8461.54 8461.54 8461.54 8461.54 8461.54
0.439 13623.4 13623.4 13623.4 13623.4 13623.4 13623.4 13623.4 13623.4 13623.4 10617.9 3005.46 8461.54 2156.4 8461.54 8461.54 8461.54 8461.54 8461.54 8461.54
0.439 13623.4 13623.4 13623.4 13623.4 13623.4 13623.4 13623.4 13623.4 13623.4 10617.9 3005.46 8461.54 2156.4 8461.54 8461.54 8461.54 8461.54 8461.54 8461.54
0.439 13623.4 13623.4 13623.4 13623.4 13623.4 13623.4 13623.4 13623.4 13623.4 10617.9 3005.46 8461.54 2156.4 8461.54 8461.54 8461.54 8461.54 8461.54 8461.54
0.439 13623.4 13623.4 13623.4 13623.4 13623.4 13623.4 13623.4 13623.4 13623.4 10617.9 3005.46 8461.54 2156.4 8461.54 8461.54 8461.54 8461.54 8461.54 8461.54
0.459 13623.4 13623.4 13623.4 13623.4 13623.4 13623.4 13623.4 13623.4 13623.4 10617.9 3005.46 8461.54 2156.4 8461.54 8461.54 8461.54 8461.54 8461.54 8461.54
0.439 13623.4 13623.4 13623.4 13623.4 13623.4 13623.4 13623.4 13623.4 13623.4 10617.9 3005.46 8461.54 2156.4 8461.54 8461.54 8461.54 8461.54 8461.54 8461.54
0.439 13623.4 13623.4 13623.4 13623.4 13623.4 13623.4 13623.4 13623.4 13623.4 10617.9 3005.46 8461.54 2156.4 8461.54 8461.54 8461.54 8461.54 8461.54 8461.54
