0 0 0 0 0 -0.0980392 0.0980392 0.1 0.1 0.1 -10 1 -10 1 0.03212897165 0.032127432 0.03212897165 0.032127432 0.03212897165 0.032127432 2.998106053e-05 2.998103319e-05 2.998102095e-05 2.998106086e-05 2.998103352e-05 2.998102128e-05 2.998106119e-05 2.998103385e-05 2.998102161e-05
0 0 -0.0980392 0 0 -0.196078 0.0980392 0.1 0.1 0.1 0 2 -10 1 0.032127432 0.03212589225 0.032127432 0.03212589225 0.032127432 0.03212589225 2.998103319e-05 2.998103011e-05 2.998102855e-05 2.998103352e-05 2.998103043e-05 2.998102888e-05 2.998103385e-05 2.998103076e-05 2.998102921e-05
0 0 -0.196078 0 0 -0.294118 0.0980392 0.1 0.1 0.1 1 3 -10 1 0.03212589225 0.03212435239 0.03212589225 0.03212435239 0.03212589225 0.03212435239 2.998103011e-05 2.998102975e-05 2.99810294e-05 2.998103043e-05 2.998103007e-05 2.998102972e-05 2.998103076e-05 2.99810304e-05 2.998103005e-05
0 0 -0.294118 0 0 -0.392157 0.0980392 0.1 0.1 0.1 2 4 -10 1 0.03212435239 0.03212281241 0.03212435239 0.03212281241 0.03212435239 0.03212281241 2.998102975e-05 2.998102969e-05 2.998102948e-05 2.998103007e-05 2.998103001e-05 2.99810298e-05 2.99810304e-05 2.998103034e-05 2.998103013e-05
0 0 -0.392157 0 0 -0.490196 0.0980392 0.1 0.1 0.1 3 5 -10 1 0.03212281241 0.03212127233 0.03212281241 0.03212127233 0.03212281241 0.03212127233 2.998102969e-05 2.998102966e-05 2.998102947e-05 2.998103001e-05 2.998102998e-05 2.998102979e-05 2.998103034e-05 2.998103031e-05 2.998103012e-05
0 0 -0.490196 0 0 -0.588235 0.0980392 0.1 0.1 0.1 4 6 -10 1 0.03212127233 0.03211973213 0.03212127233 0.03211973213 0.03212127233 0.03211973213 2.998102966e-05 2.998102963e-05 2.998102944e-05 2.998102998e-05 2.998102995e-05 2.998102976e-05 2.998103031e-05 2.998103028e-05 2.99810301e-05
0 0 -0.588235 0 0 -0.686275 0.0980392 0.1 0.1 0.1 5 7 -10 1 0.03211973213 0.03211819183 0.03211973213 0.03211819183 0.03211973213 0.03211819183 2.998102963e-05 2.998102959e-05 2.998102941e-05 2.998102995e-05 2.998102992e-05 2.998102973e-05 2.998103028e-05 2.998103025e-05 2.998103006e-05
0 0 -0.686275 0 0 -0.784314 0.0980392 0.1 0.1 0.1 6 8 -10 1 0.03211819183 0.03211665141 0.03211819183 0.03211665141 0.03211819183 0.03211665141 2.998102959e-05 2.998102955e-05 2.998102937e-05 2.998102992e-05 2.998102988e-05 2.998102969e-05 2.998103025e-05 2.99810302e-05 2.998103002e-05
0 0 -0.784314 0 0 -0.882353 0.0980392 0.1 0.1 0.1 7 9 -10 1 0.03211665141 0.03211511088 0.03211665141 0.03211511088 0.03211665141 0.03211511088 2.998102955e-05 2.998102951e-05 2.998102933e-05 2.998102988e-05 2.998102983e-05 2.998102965e-05 2.99810302e-05 2.998103016e-05 2.998102998e-05
0 0 -0.882353 0 0 -0.980392 0.0980392 0.1 0.1 0.1 8 10 -10 1 0.03211511088 0.03211357024 0.03211511088 0.03211357024 0.03211511088 0.03211357024 2.998102951e-05 2.998102946e-05 2.998102928e-05 2.998102983e-05 2.998102978e-05 2.99810296e-05 2.998103016e-05 2.99810301e-05 2.998102993e-05
0 0 -0.980392 0 0 -1.07843 0.0980392 0.1 0.1 0.1 9 11 -10 1 0.03211357024 0.03211202949 0.03211357024 0.03211202949 0.03211357024 0.03211202949 2.998102946e-05 2.99810294e-05 2.998102922e-05 2.998102978e-05 2.998102972e-05 2.998102954e-05 2.99810301e-05 2.998103004e-05 2.998102987e-05
0 0 -1.07843 0 0 -1.17647 0.0980392 0.1 0.1 0.1 10 12 -10 1 0.03211202949 0.03211048863 0.03211202949 0.03211048863 0.03211202949 0.03211048863 2.99810294e-05 2.998102934e-05 2.998102916e-05 2.998102972e-05 2.998102966e-05 2.998102948e-05 2.998103004e-05 2.998102998e-05 2.998102981e-05
0 0 -1.17647 0 0 -1.27451 0.0980392 0.1 0.1 0.1 11 13 -10 1 0.03211048863 0.03210894766 0.03211048863 0.03210894766 0.03211048863 0.03210894766 2.998102934e-05 2.998102927e-05 2.99810291e-05 2.998102966e-05 2.998102959e-05 2.998102942e-05 2.998102998e-05 2.998102991e-05 2.998102974e-05
0 0 -1.27451 0 0 -1.37255 0.0980392 0.1 0.1 0.1 12 14 -10 1 0.03210894766 0.03210740658 0.03210894766 0.03210740658 0.03210894766 0.03210740658 2.998102927e-05 2.99810292e-05 2.998102903e-05 2.998102959e-05 2.998102951e-05 2.998102935e-05 2.998102991e-05 2.998102983e-05 2.998102967e-05
0 0 -1.37255 0 0 -1.47059 0.0980392 0.1 0.1 0.1 13 15 -10 1 0.03210740658 0.03210586538 0.03210740658 0.03210586538 0.03210740658 0.03210586538 2.99810292e-05 2.998102912e-05 2.998102896e-05 2.998102951e-05 2.998102943e-05 2.998102927e-05 2.998102983e-05 2.998102975e-05 2.998102959e-05
0 0 -1.47059 0 0 -1.56863 0.0980392 0.1 0.1 0.1 14 16 -10 1 0.03210586538 0.03210432408 0.03210586538 0.03210432408 0.03210586538 0.03210432408 2.998102912e-05 2.998102904e-05 2.998102887e-05 2.998102943e-05 2.998102935e-05 2.998102919e-05 2.998102975e-05 2.998102967e-05 2.998102951e-05
0 0 -1.56863 0 0 -1.66667 0.0980392 0.1 0.1 0.1 15 17 -10 1 0.03210432408 0.03210278266 0.03210432408 0.03210278266 0.03210432408 0.03210278266 2.998102904e-05 2.998102895e-05 2.998102879e-05 2.998102935e-05 2.998102926e-05 2.99810291e-05 2.998102967e-05 2.998102958e-05 2.998102942e-05
0 0 -1.66667 0 0 -1.76471 0.0980392 0.1 0.1 0.1 16 18 -10 1 0.03210278266 0.03210124114 0.03210278266 0.03210124114 0.03210278266 0.03210124114 2.998102895e-05 2.998102886e-05 2.99810287e-05 2.998102926e-05 2.998102916e-05 2.998102901e-05 2.998102958e-05 2.998102948e-05 2.998102932e-05
0 0 -1.76471 0 0 -1.86275 0.0980392 0.1 0.1 0.1 17 19 -10 1 0.03210124114 0.0320996995 0.03210124114 0.0320996995 0.03210124114 0.0320996995 2.998102886e-05 2.998102876e-05 2.99810286e-05 2.998102916e-05 2.998102906e-05 2.998102891e-05 2.998102948e-05 2.998102938e-05 2.998102922e-05
0 0 -1.86275 0 0 -1.96078 0.0980392 0.1 0.1 0.1 18 20 -10 1 0.0320996995 0.03209815775 0.0320996995 0.03209815775 0.0320996995 0.03209815775 2.998102876e-05 2.998102865e-05 2.99810285e-05 2.998102906e-05 2.998102896e-05 2.998102881e-05 2.998102938e-05 2.998102927e-05 2.998102912e-05
0 0 -1.96078 0 0 -2.05882 0.0980392 0.1 0.1 0.1 19 21 -10 1 0.03209815775 0.03209661589 0.03209815775 0.03209661589 0.03209815775 0.03209661589 2.998102865e-05 2.998102855e-05 2.99810284e-05 2.998102896e-05 2.998102885e-05 2.99810287e-05 2.998102927e-05 2.998102915e-05 2.998102901e-05
0 0 -2.05882 0 0 -2.15686 0.0980392 0.1 0.1 0.1 20 22 -10 1 0.03209661589 0.03209507392 0.03209661589 0.03209507392 0.03209661589 0.03209507392 2.998102855e-05 2.998102843e-05 2.998102828e-05 2.998102885e-05 2.998102873e-05 2.998102858e-05 2.998102915e-05 2.998102904e-05 2.998102889e-05
0 0 -2.15686 0 0 -2.2549 0.0980392 0.1 0.1 0.1 21 23 -10 1 0.03209507392 0.03209353184 0.03209507392 0.03209353184 0.03209507392 0.03209353184 2.998102843e-05 2.998102831e-05 2.998102817e-05 2.998102873e-05 2.998102861e-05 2.998102847e-05 2.998102904e-05 2.998102891e-05 2.998102877e-05
0 0 -2.2549 0 0 -2.35294 0.0980392 0.1 0.1 0.1 22 24 -10 1 0.03209353184 0.03209198964 0.03209353184 0.03209198964 0.03209353184 0.03209198964 2.998102831e-05 2.998102819e-05 2.998102805e-05 2.998102861e-05 2.998102848e-05 2.998102834e-05 2.998102891e-05 2.998102878e-05 2.998102864e-05
0 0 -2.35294 0 0 -2.45098 0.0980392 0.1 0.1 0.1 23 25 -10 1 0.03209198964 0.03209044734 0.03209198964 0.03209044734 0.03209198964 0.03209044734 2.998102819e-05 2.998102806e-05 2.998102792e-05 2.998102848e-05 2.998102835e-05 2.998102821e-05 2.998102878e-05 2.998102865e-05 2.998102851e-05
0 0 -2.45098 0 0 -2.54902 0.0980392 0.1 0.1 0.1 24 26 -10 1 0.03209044734 0.03208890492 0.03209044734 0.03208890492 0.03209044734 0.03208890492 2.998102806e-05 2.998102793e-05 2.998102779e-05 2.998102835e-05 2.998102822e-05 2.998102808e-05 2.998102865e-05 2.998102851e-05 2.998102838e-05
0 0 -2.54902 0 0 -2.64706 0.0980392 0.1 0.1 0.1 25 27 -10 1 0.03208890492 0.0320873624 0.03208890492 0.0320873624 0.03208890492 0.0320873624 2.998102793e-05 2.998102779e-05 2.998102765e-05 2.998102822e-05 2.998102808e-05 2.998102794e-05 2.998102851e-05 2.998102837e-05 2.998102823e-05
0 0 -2.64706 0 0 -2.7451 0.0980392 0.1 0.1 0.1 26 28 -10 1 0.0320873624 0.03208581976 0.0320873624 0.03208581976 0.0320873624 0.03208581976 2.998102779e-05 2.998102765e-05 2.998102751e-05 2.998102808e-05 2.998102793e-05 2.99810278e-05 2.998102837e-05 2.998102822e-05 2.998102809e-05
0 0 -2.7451 0 0 -2.84314 0.0980392 0.1 0.1 0.1 27 29 -10 1 0.03208581976 0.03208427701 0.03208581976 0.03208427701 0.03208581976 0.03208427701 2.998102765e-05 2.99810275e-05 2.998102737e-05 2.998102793e-05 2.998102778e-05 2.998102765e-05 2.998102822e-05 2.998102806e-05 2.998102794e-05
0 0 -2.84314 0 0 -2.94118 0.0980392 0.1 0.1 0.1 28 30 -10 1 0.03208427701 0.03208273415 0.03208427701 0.03208273415 0.03208427701 0.03208273415 2.99810275e-05 2.998102735e-05 2.998102722e-05 2.998102778e-05 2.998102762e-05 2.99810275e-05 2.998102806e-05 2.998102791e-05 2.998102778e-05
0 0 -2.94118 0 0 -3.03922 0.0980392 0.1 0.1 0.1 29 31 -10 1 0.03208273415 0.03208119118 0.03208273415 0.03208119118 0.03208273415 0.03208119118 2.998102735e-05 2.998102719e-05 2.998102706e-05 2.998102762e-05 2.998102746e-05 2.998102734e-05 2.998102791e-05 2.998102774e-05 2.998102762e-05
0 0 -3.03922 0 0 -3.13725 0.0980392 0.1 0.1 0.1 30 32 -10 1 0.03208119118 0.0320796481 0.03208119118 0.03207964809 0.03208119118 0.03207964809 2.998102719e-05 2.998102703e-05 2.99810269e-05 2.998102746e-05 2.99810273e-05 2.998102718e-05 2.998102774e-05 2.998102757e-05 2.998102745e-05
0 0 -3.13725 0 0 -3.23529 0.0980392 0.1 0.1 0.1 31 33 -10 1 0.0320796481 0.0320781049 0.03207964809 0.0320781049 0.03207964809 0.0320781049 2.998102703e-05 2.998102686e-05 2.998102674e-05 2.99810273e-05 2.998102713e-05 2.998102701e-05 2.998102757e-05 2.99810274e-05 2.998102728e-05
0 0 -3.23529 0 0 -3.33333 0.0980392 0.1 0.1 0.1 32 34 -10 1 0.0320781049 0.03207656159 0.0320781049 0.03207656159 0.0320781049 0.03207656159 2.998102686e-05 2.998102669e-05 2.998102657e-05 2.998102713e-05 2.998102695e-05 2.998102684e-05 2.99810274e-05 2.998102722e-05 2.998102711e-05
0 0 -3.33333 0 0 -3.43137 0.0980392 0.1 0.1 0.1 33 35 -10 1 0.03207656159 0.03207501818 0.03207656159 0.03207501818 0.03207656159 0.03207501818 2.998102669e-05 2.998102652e-05 2.99810264e-05 2.998102695e-05 2.998102678e-05 2.998102666e-05 2.998102722e-05 2.998102704e-05 2.998102693e-05
0 0 -3.43137 0 0 -3.52941 0.0980392 0.1 0.1 0.1 34 36 -10 1 0.03207501818 0.03207347465 0.03207501818 0.03207347465 0.03207501818 0.03207347465 2.998102652e-05 2.998102634e-05 2.998102622e-05 2.998102678e-05 2.998102659e-05 2.998102648e-05 2.998102704e-05 2.998102685e-05 2.998102674e-05
0 0 -3.52941 0 0 -3.62745 0.0980392 0.1 0.1 0.1 35 37 -10 1 0.03207347465 0.03207193101 0.03207347465 0.03207193101 0.03207347465 0.03207193101 2.998102634e-05 2.998102615e-05 2.998102604e-05 2.998102659e-05 2.998102641e-05 2.998102629e-05 2.998102685e-05 2.998102666e-05 2.998102655e-05
0 0 -3.62745 0 0 -3.72549 0.0980392 0.1 0.1 0.1 36 38 -10 1 0.03207193101 0.03207038726 0.03207193101 0.03207038726 0.03207193101 0.03207038726 2.998102615e-05 2.998102596e-05 2.998102585e-05 2.998102641e-05 2.998102621e-05 2.99810261e-05 2.998102666e-05 2.998102647e-05 2.998102636e-05
0 0 -3.72549 0 0 -3.82353 0.0980392 0.1 0.1 0.1 37 39 -10 1 0.03207038726 0.03206884339 0.03207038726 0.03206884339 0.03207038726 0.03206884339 2.998102596e-05 2.998102577e-05 2.998102566e-05 2.998102621e-05 2.998102602e-05 2.998102591e-05 2.998102647e-05 2.998102627e-05 2.998102616e-05
0 0 -3.82353 0 0 -3.92157 0.0980392 0.1 0.1 0.1 38 40 -10 1 0.03206884339 0.03206729942 0.03206884339 0.03206729942 0.03206884339 0.03206729942 2.998102577e-05 2.998102558e-05 2.998102547e-05 2.998102602e-05 2.998102582e-05 2.998102571e-05 2.998102627e-05 2.998102606e-05 2.998102596e-05
0 0 -3.92157 0 0 -4.01961 0.0980392 0.1 0.1 0.1 39 41 -10 1 0.03206729942 0.03206575533 0.03206729942 0.03206575533 0.03206729942 0.03206575533 2.998102558e-05 2.998102538e-05 2.998102527e-05 2.998102582e-05 2.998102561e-05 2.998102551e-05 2.998102606e-05 2.998102585e-05 2.998102575e-05
0 0 -4.01961 0 0 -4.11765 0.0980392 0.1 0.1 0.1 40 42 -10 1 0.03206575533 0.03206421114 0.03206575533 0.03206421114 0.03206575533 0.03206421114 2.998102538e-05 2.998102517e-05 2.998102507e-05 2.998102561e-05 2.99810254e-05 2.99810253e-05 2.998102585e-05 2.998102564e-05 2.998102554e-05
0 0 -4.11765 0 0 -4.21569 0.0980392 0.1 0.1 0.1 41 43 -10 1 0.03206421114 0.03206266683 0.03206421114 0.03206266683 0.03206421114 0.03206266683 2.998102517e-05 2.998102496e-05 2.998102486e-05 2.99810254e-05 2.998102519e-05 2.998102509e-05 2.998102564e-05 2.998102543e-05 2.998102533e-05
0 0 -4.21569 0 0 -4.31373 0.0980392 0.1 0.1 0.1 42 44 -10 1 0.03206266683 0.03206112241 0.03206266683 0.03206112241 0.03206266683 0.03206112241 2.998102496e-05 2.998102475e-05 2.998102465e-05 2.998102519e-05 2.998102498e-05 2.998102488e-05 2.998102543e-05 2.99810252e-05 2.998102511e-05
0 0 -4.31373 0 0 -4.41176 0.0980392 0.1 0.1 0.1 43 45 -10 1 0.03206112241 0.03205957788 0.03206112241 0.03205957787 0.03206112241 0.03205957787 2.998102475e-05 2.998102454e-05 2.998102444e-05 2.998102498e-05 2.998102476e-05 2.998102466e-05 2.99810252e-05 2.998102498e-05 2.998102489e-05
0 0 -4.41176 0 0 -4.5098 0.0980392 0.1 0.1 0.1 44 46 -10 1 0.03205957788 0.03205803323 0.03205957787 0.03205803323 0.03205957787 0.03205803323 2.998102454e-05 2.998102432e-05 2.998102422e-05 2.998102476e-05 2.998102453e-05 2.998102444e-05 2.998102498e-05 2.998102475e-05 2.998102466e-05
0 0 -4.5098 0 0 -4.60784 0.0980392 0.1 0.1 0.1 45 47 -10 1 0.03205803323 0.03205648848 0.03205803323 0.03205648848 0.03205803323 0.03205648847 2.998102432e-05 2.998102408e-05 2.9981024e-05 2.998102453e-05 2.998102429e-05 2.998102422e-05 2.998102475e-05 2.998102451e-05 2.998102443e-05
0 0 -4.60784 0 0 -4.70588 0.0980392 0.1 0.1 0.1 46 48 -10 1 0.03205648848 0.03205494361 0.03205648848 0.03205494361 0.03205648847 0.03205494361 2.998102408e-05 2.998102378e-05 2.99810238e-05 2.998102429e-05 2.998102399e-05 2.998102401e-05 2.998102451e-05 2.99810242e-05 2.998102422e-05
0 0 -4.70588 0 0 -4.80392 0.0980392 0.1 0.1 0.1 47 49 -10 1 0.03205494361 0.03205339863 0.03205494361 0.03205339863 0.03205494361 0.03205339863 2.998102378e-05 2.998102302e-05 2.998102372e-05 2.998102399e-05 2.998102322e-05 2.998102393e-05 2.99810242e-05 2.998102342e-05 2.998102414e-05
0 0 -4.80392 0 0 -4.90196 0.0980392 0.1 0.1 0.1 48 50 -10 1 0.03205339863 0.03205185354 0.03205339863 0.03205185354 0.03205339863 0.03205185354 2.998102302e-05 2.998101902e-05 2.998102457e-05 2.998102322e-05 2.998101921e-05 2.998102477e-05 2.998102342e-05 2.998101941e-05 2.998102497e-05
0 0 -4.90196 0 0 -5 0.0980392 0.1 0.1 0.1 49 51 52 1 0.03205185354 0.03205030834 0.03205185354 0.03205030834 0.03205185354 0.03205030834 2.998101902e-05 2.998099213e-05 2.998103194e-05 2.998101921e-05 2.998099233e-05 2.998103213e-05 2.998101941e-05 2.998099252e-05 2.998103233e-05
0 0 -5 -0.0697789 0 -5.06978 0.0986823 0.1 0.0993421 0.075 50 53 -10 1 0.01802829844 0.01802435376 0.01802829844 0.01802435376 0.01802829844 0.01802435376 2.420212922e-05 2.421064585e-05 2.421508039e-05 2.420212934e-05 2.421064596e-05 2.42150805e-05 2.420212946e-05 2.421064608e-05 2.421508062e-05
0 0 -5 0.068 0 -5.068 0.0961665 0.1 0.0980769 0.05 50 138 -10 1 0.008012577084 0.008007972677 0.008012577084 0.008007972677 0.008012577084 0.008007972677 5.778862916e-06 5.795475998e-06 5.804452747e-06 5.778862989e-06 5.79547607e-06 5.804452819e-06 5.778863064e-06 5.795476143e-06 5.804452893e-06
-0.0697789 0 -5.06978 -0.139558 0 -5.13956 0.0986823 0.0993421 0.0986842 0.075 51 54 -10 1 0.01802435376 0.01802045988 0.01802435376 0.01802045988 0.01802435376 0.01802045988 2.421064585e-05 2.421162077e-05 2.421270729e-05 2.421064596e-05 2.421162088e-05 2.42127074e-05 2.421064608e-05 2.421162099e-05 2.421270752e-05
-0.139558 0 -5.13956 -0.209337 0 -5.20934 0.0986823 0.0986842 0.0980263 0.075 53 55 -10 1 0.01802045988 0.01801661635 0.01802045988 0.01801661635 0.01802045988 0.01801661635 2.421162077e-05 2.421172877e-05 2.421243634e-05 2.421162088e-05 2.421172888e-05 2.421243645e-05 2.421162099e-05 2.421172899e-05 2.421243656e-05
-0.209337 0 -5.20934 -0.279116 0 -5.27912 0.0986823 0.0980263 0.0973684 0.075 54 56 -10 1 0.01801661635 0.01801282287 0.01801661635 0.01801282287 0.01801661635 0.01801282287 2.421172877e-05 2.421173704e-05 2.421240704e-05 2.421172888e-05 2.421173715e-05 2.421240715e-05 2.421172899e-05 2.421173726e-05 2.421240726e-05
-0.279116 0 -5.27912 -0.348895 0 -5.34889 0.0986823 0.0973684 0.0967105 0.075 55 57 -10 1 0.01801282287 0.01800907913 0.01801282287 0.01800907913 0.01801282287 0.01800907913 2.421173704e-05 2.421173376e-05 2.421240555e-05 2.421173715e-05 2.421173387e-05 2.421240566e-05 2.421173726e-05 2.421173397e-05 2.421240576e-05
-0.348895 0 -5.34889 -0.418674 0 -5.41867 0.0986823 0.0967105 0.0960526 0.075 56 58 -10 1 0.01800907913 0.01800538484 0.01800907913 0.01800538484 0.01800907913 0.01800538484 2.421173376e-05 2.421172909e-05 2.421240729e-05 2.421173387e-05 2.421172919e-05 2.421240739e-05 2.421173397e-05 2.421172929e-05 2.42124075e-05
-0.418674 0 -5.41867 -0.488453 0 -5.48845 0.0986823 0.0960526 0.0953947 0.075 57 59 -10 1 0.01800538484 0.01800173969 0.01800538484 0.01800173969 0.01800538484 0.01800173969 2.421172909e-05 2.421172436e-05 2.421240939e-05 2.421172919e-05 2.421172446e-05 2.421240949e-05 2.421172929e-05 2.421172456e-05 2.421240959e-05
-0.488453 0 -5.48845 -0.558232 0 -5.55823 0.0986823 0.0953947 0.0947368 0.075 58 60 -10 1 0.01800173969 0.0179981434 0.01800173969 0.0179981434 0.01800173969 0.0179981434 2.421172436e-05 2.421172098e-05 2.421241115e-05 2.421172446e-05 2.421172107e-05 2.421241125e-05 2.421172456e-05 2.421172117e-05 2.421241135e-05
-0.558232 0 -5.55823 -0.628011 0 -5.62801 0.0986823 0.0947368 0.0940789 0.075 59 61 -10 1 0.0179981434 0.01799459565 0.0179981434 0.01799459565 0.0179981434 0.01799459565 2.421172098e-05 2.421172812e-05 2.421240995e-05 2.421172107e-05 2.42117282e-05 2.421241004e-05 2.421172117e-05 2.42117283e-05 2.421241013e-05
-0.628011 0 -5.62801 -0.697789 0 -5.69779 0.0986823 0.0940789 0.0934211 0.075 60 62 -10 1 0.01799459565 0.01799109615 0.01799459565 0.01799109615 0.01799459565 0.01799109615 2.421172812e-05 2.421169368e-05 2.42124165e-05 2.42117282e-05 2.421169377e-05 2.421241658e-05 2.42117283e-05 2.421169385e-05 2.421241667e-05
-0.697789 0 -5.69779 -0.767568 0 -5.76757 0.0986823 0.0934211 0.0927632 0.075 61 63 -10 1 0.01799109615 0.01798764459 0.01799109615 0.01798764458 0.01799109615 0.01798764458 2.421169368e-05 2.421170129e-05 2.421242292e-05 2.421169377e-05 2.421170137e-05 2.421242301e-05 2.421169385e-05 2.421170146e-05 2.421242309e-05
-0.767568 0 -5.76757 -0.837347 0 -5.83735 0.0986823 0.0927632 0.0921053 0.075 62 64 -10 1 0.01798764459 0.01798424066 0.01798764458 0.01798424066 0.01798764458 0.01798424066 2.421170129e-05 2.421169722e-05 2.421242175e-05 2.421170137e-05 2.421169729e-05 2.421242183e-05 2.421170146e-05 2.421169737e-05 2.421242191e-05
-0.837347 0 -5.83735 -0.907126 0 -5.90713 0.0986823 0.0921053 0.0914474 0.075 63 65 -10 1 0.01798424066 0.01798088408 0.01798424066 0.01798088408 0.01798424066 0.01798088407 2.421169722e-05 2.421169168e-05 2.421242386e-05 2.421169729e-05 2.421169176e-05 2.421242394e-05 2.421169737e-05 2.421169183e-05 2.421242401e-05
-0.907126 0 -5.90713 -0.976905 0 -5.97691 0.0986823 0.0914474 0.0907895 0.075 64 66 -10 1 0.01798088408 0.01797757452 0.01798088408 0.01797757452 0.01798088407 0.01797757452 2.421169168e-05 2.421168586e-05 2.42124264e-05 2.421169176e-05 2.421168593e-05 2.421242647e-05 2.421169183e-05 2.4211686e-05 2.421242655e-05
-0.976905 0 -5.97691 -1.04668 0 -6.04668 0.0986823 0.0907895 0.0901316 0.075 65 67 -10 1 0.01797757452 0.01797431169 0.01797757452 0.01797431169 0.01797757452 0.01797431169 2.421168586e-05 2.421167989e-05 2.421242905e-05 2.421168593e-05 2.421167996e-05 2.421242911e-05 2.4211686e-05 2.421168002e-05 2.421242918e-05
-1.04668 0 -6.04668 -1.11646 0 -6.11646 0.0986823 0.0901316 0.0894737 0.075 66 68 -10 1 0.01797431169 0.01797109528 0.01797431169 0.01797109528 0.01797431169 0.01797109528 2.421167989e-05 2.421167378e-05 2.421243176e-05 2.421167996e-05 2.421167384e-05 2.421243182e-05 2.421168002e-05 2.42116739e-05 2.421243189e-05
-1.11646 0 -6.11646 -1.18624 0 -6.18624 0.0986823 0.0894737 0.0888158 0.075 67 69 -10 1 0.01797109528 0.01796792498 0.01797109528 0.01796792498 0.01797109528 0.01796792497 2.421167378e-05 2.421166753e-05 2.421243454e-05 2.421167384e-05 2.421166758e-05 2.42124346e-05 2.42116739e-05 2.421166764e-05 2.421243466e-05
-1.18624 0 -6.18624 -1.25602 0 -6.25602 0.0986823 0.0888158 0.0881579 0.075 68 70 -10 1 0.01796792498 0.01796480048 0.01796792498 0.01796480047 0.01796792497 0.01796480047 2.421166753e-05 2.421166113e-05 2.421243739e-05 2.421166758e-05 2.421166118e-05 2.421243744e-05 2.421166764e-05 2.421166123e-05 2.42124375e-05
-1.25602 0 -6.25602 -1.3258 0 -6.3258 0.0986823 0.0881579 0.0875 0.075 69 71 -10 1 0.01796480048 0.01796172147 0.01796480047 0.01796172147 0.01796480047 0.01796172146 2.421166113e-05 2.421165458e-05 2.421244031e-05 2.421166118e-05 2.421165462e-05 2.421244036e-05 2.421166123e-05 2.421165467e-05 2.421244041e-05
-1.3258 0 -6.3258 -1.39558 0 -6.39558 0.0986823 0.0875 0.0868421 0.075 70 72 -10 1 0.01796172147 0.01795868764 0.01796172147 0.01795868764 0.01796172146 0.01795868764 2.421165458e-05 2.421164787e-05 2.42124433e-05 2.421165462e-05 2.421164791e-05 2.421244334e-05 2.421165467e-05 2.421164796e-05 2.421244339e-05
-1.39558 0 -6.39558 -1.46536 0 -6.46536 0.0986823 0.0868421 0.0861842 0.075 71 73 -10 1 0.01795868764 0.01795569868 0.01795868764 0.01795569868 0.01795868764 0.01795569868 2.421164787e-05 2.4211641e-05 2.421244637e-05 2.421164791e-05 2.421164104e-05 2.421244641e-05 2.421164796e-05 2.421164108e-05 2.421244645e-05
-1.46536 0 -6.46536 -1.53514 0 -6.53514 0.0986823 0.0861842 0.0855263 0.075 72 74 -10 1 0.01795569868 0.01795275428 0.01795569868 0.01795275428 0.01795569868 0.01795275428 2.4211641e-05 2.421163397e-05 2.421244951e-05 2.421164104e-05 2.4211634e-05 2.421244955e-05 2.421164108e-05 2.421163404e-05 2.421244959e-05
-1.53514 0 -6.53514 -1.60492 0 -6.60492 0.0986823 0.0855263 0.0848684 0.075 73 75 -10 1 0.01795275428 0.01794985412 0.01795275428 0.01794985412 0.01795275428 0.01794985412 2.421163397e-05 2.421162677e-05 2.421245274e-05 2.4211634e-05 2.42116268e-05 2.421245277e-05 2.421163404e-05 2.421162683e-05 2.421245281e-05
-1.60492 0 -6.60492 -1.67469 0 -6.67469 0.0986823 0.0848684 0.0842105 0.075 74 76 -10 1 0.01794985412 0.0179469979 0.01794985412 0.0179469979 0.01794985412 0.0179469979 2.421162677e-05 2.42116194e-05 2.421245605e-05 2.42116268e-05 2.421161942e-05 2.421245608e-05 2.421162683e-05 2.421161945e-05 2.421245611e-05
-1.67469 0 -6.67469 -1.74447 0 -6.74447 0.0986823 0.0842105 0.0835526 0.075 75 77 -10 1 0.0179469979 0.01794418529 0.0179469979 0.01794418529 0.0179469979 0.01794418529 2.42116194e-05 2.421161188e-05 2.421245944e-05 2.421161942e-05 2.42116119e-05 2.421245946e-05 2.421161945e-05 2.421161192e-05 2.421245949e-05
-1.74447 0 -6.74447 -1.81425 0 -6.81425 0.0986823 0.0835526 0.0828947 0.075 76 78 -10 1 0.01794418529 0.01794141598 0.01794418529 0.01794141598 0.01794418529 0.01794141598 2.421161188e-05 2.421160442e-05 2.421246285e-05 2.42116119e-05 2.421160443e-05 2.421246287e-05 2.421161192e-05 2.421160445e-05 2.421246289e-05
-1.81425 0 -6.81425 -1.88403 0 -6.88403 0.0986823 0.0828947 0.0822368 0.075 77 79 -10 1 0.01794141598 0.01793868966 0.01794141598 0.01793868966 0.01794141598 0.01793868965 2.421160442e-05 2.421159846e-05 2.421246587e-05 2.421160443e-05 2.421159848e-05 2.421246588e-05 2.421160445e-05 2.421159849e-05 2.42124659e-05
-1.88403 0 -6.88403 -1.95381 0 -6.95381 0.0986823 0.0822368 0.0815789 0.075 78 80 -10 1 0.01793868966 0.017936006 0.01793868966 0.017936006 0.01793868965 0.017936006 2.421159846e-05 2.421160458e-05 2.421246549e-05 2.421159848e-05 2.421160458e-05 2.42124655e-05 2.421159849e-05 2.421160459e-05 2.421246551e-05
-1.95381 0 -6.95381 -2.02359 0 -7.02359 0.0986823 0.0815789 0.0809211 0.075 79 81 -10 1 0.017936006 0.01793336469 0.017936006 0.01793336469 0.017936006 0.01793336469 2.421160458e-05 2.421156266e-05 2.42124741e-05 2.421160458e-05 2.421156267e-05 2.421247411e-05 2.421160459e-05 2.421156267e-05 2.421247411e-05
-2.02359 0 -7.02359 -2.09337 0 -7.09337 0.0986823 0.0809211 0.0802632 0.075 80 82 -10 1 0.01793336469 0.01793076541 0.01793336469 0.01793076541 0.01793336469 0.01793076541 2.421156266e-05 2.42115692e-05 2.421248261e-05 2.421156267e-05 2.42115692e-05 2.421248261e-05 2.421156267e-05 2.42115692e-05 2.421248261e-05
-2.09337 0 -7.09337 -2.16315 0 -7.16315 0.0986823 0.0802632 0.0796053 0.075 81 83 -10 1 0.01793076541 0.01792820785 0.01793076541 0.01792820785 0.01793076541 0.01792820785 2.42115692e-05 2.421156218e-05 2.421248239e-05 2.42115692e-05 2.421156217e-05 2.421248239e-05 2.42115692e-05 2.421156217e-05 2.421248238e-05
-2.16315 0 -7.16315 -2.23293 0 -7.23293 0.0986823 0.0796053 0.0789474 0.075 82 84 -10 1 0.01792820785 0.01792569167 0.01792820785 0.01792569167 0.01792820785 0.01792569167 2.421156218e-05 2.421155346e-05 2.421248599e-05 2.421156217e-05 2.421155345e-05 2.421248598e-05 2.421156217e-05 2.421155344e-05 2.421248597e-05
-2.23293 0 -7.23293 -2.30271 0 -7.30271 0.0986823 0.0789474 0.0782895 0.075 83 85 -10 1 0.01792569167 0.01792321657 0.01792569167 0.01792321657 0.01792569167 0.01792321657 2.421155346e-05 2.421154478e-05 2.421249e-05 2.421155345e-05 2.421154477e-05 2.421248999e-05 2.421155344e-05 2.421154475e-05 2.421248997e-05
-2.30271 0 -7.30271 -2.37248 0 -7.37248 0.0986823 0.0782895 0.0776316 0.075 84 86 -10 1 0.01792321657 0.01792078223 0.01792321657 0.01792078222 0.01792321657 0.01792078222 2.421154478e-05 2.421153903e-05 2.421249327e-05 2.421154477e-05 2.421153901e-05 2.421249326e-05 2.421154475e-05 2.421153899e-05 2.421249324e-05
-2.37248 0 -7.37248 -2.44226 0 -7.44226 0.0986823 0.0776316 0.0769737 0.075 85 87 -10 1 0.01792078223 0.01791838831 0.01792078222 0.01791838831 0.01792078222 0.0179183883 2.421153903e-05 2.421155593e-05 2.421249015e-05 2.421153901e-05 2.42115559e-05 2.421249013e-05 2.421153899e-05 2.421155588e-05 2.421249011e-05
-2.44226 0 -7.44226 -2.51204 0 -7.51204 0.0986823 0.0769737 0.0763158 0.075 86 88 -10 1 0.01791838831 0.0179160345 0.01791838831 0.0179160345 0.0179183883 0.0179160345 2.421155593e-05 2.421173718e-05 2.421244028e-05 2.42115559e-05 2.421173715e-05 2.421244025e-05 2.421155588e-05 2.421173712e-05 2.421244022e-05
-2.51204 0 -7.51204 -2.58182 0 -7.58182 0.0986823 0.0763158 0.0756579 0.075 87 89 -10 1 0.0179160345 0.01791372048 0.0179160345 0.01791372048 0.0179160345 0.01791372048 2.421173718e-05 2.421310114e-05 2.421205364e-05 2.421173715e-05 2.421310111e-05 2.421205361e-05 2.421173712e-05 2.421310107e-05 2.421205358e-05
-2.58182 0 -7.58182 -2.6516 0 -7.6516 0.0986823 0.0756579 0.075 0.075 88 90 91 1 0.01791372048 0.01791144603 0.01791372048 0.01791144603 0.01791372048 0.01791144603 2.421310114e-05 2.422296622e-05 2.420924605e-05 2.421310111e-05 2.422296618e-05 2.420924601e-05 2.421310107e-05 2.422296614e-05 2.420924598e-05
-2.6516 0 -7.6516 -2.72017 0 -7.72017 0.0969663 0.075 0.0743534 0.05625 89 92 -10 1 0.01007518839 0.01006925829 0.01007518839 0.01006925829 0.01007518839 0.01006925829 2.065153367e-05 2.066705055e-05 2.067508433e-05 2.065153364e-05 2.066705052e-05 2.067508429e-05 2.06515336e-05 2.066705048e-05 2.067508426e-05
-2.6516 0 -7.6516 -2.58183 0 -7.72136 0.09866 0.075 0.0730263 0.0375 89 120 -10 1 0.004477861508 0.00447263344 0.004477861508 0.004472633439 0.004477861508 0.004472633439 3.571432545e-06 3.593379242e-06 3.605191752e-06 3.571432541e-06 3.593379237e-06 3.605191747e-06 3.571432536e-06 3.593379232e-06 3.605191743e-06
-2.72017 0 -7.72017 -2.78873 0 -7.78873 0.0969663 0.0743534 0.0737069 0.05625 90 93 -10 1 0.01006925829 0.01006342583 0.01006925829 0.01006342583 0.01006925829 0.01006342583 2.066705055e-05 2.066881746e-05 2.06707632e-05 2.066705052e-05 2.066881742e-05 2.067076317e-05 2.066705048e-05 2.066881738e-05 2.067076313e-05
-2.78873 0 -7.78873 -2.8573 0 -7.8573 0.0969663 0.0737069 0.0730603 0.05625 92 94 -10 1 0.01006342583 0.01005768992 0.01006342583 0.01005768992 0.01006342583 0.01005768992 2.066881746e-05 2.06690471e-05 2.06702639e-05 2.066881742e-05 2.066904705e-05 2.067026386e-05 2.066881738e-05 2.066904701e-05 2.067026381e-05
-2.8573 0 -7.8573 -2.92586 0 -7.92586 0.0969663 0.0730603 0.0724138 0.05625 93 95 -10 1 0.01005768992 0.01005204986 0.01005768992 0.01005204986 0.01005768992 0.01005204986 2.06690471e-05 2.066903459e-05 2.067020945e-05 2.066904705e-05 2.066903455e-05 2.06702094e-05 2.066904701e-05 2.06690345e-05 2.067020936e-05
-2.92586 0 -7.92586 -2.99443 0 -7.99443 0.0969663 0.0724138 0.0717672 0.05625 94 96 -10 1 0.01005204986 0.010046505 0.01005204986 0.010046505 0.01005204986 0.010046505 2.066903459e-05 2.066905737e-05 2.067020672e-05 2.066903455e-05 2.066905733e-05 2.067020667e-05 2.06690345e-05 2.066905728e-05 2.067020663e-05
-2.99443 0 -7.99443 -3.06299 0 -8.06299 0.0969663 0.0717672 0.0711207 0.05625 95 97 -10 1 0.010046505 0.01004105468 0.010046505 0.01004105468 0.010046505 0.01004105468 2.066905737e-05 2.06690198e-05 2.067021026e-05 2.066905733e-05 2.066901975e-05 2.067021021e-05 2.066905728e-05 2.06690197e-05 2.067021016e-05
-3.06299 0 -8.06299 -3.13156 0 -8.13156 0.0969663 0.0711207 0.0704741 0.05625 96 98 -10 1 0.01004105468 0.01003569825 0.01004105468 0.01003569825 0.01004105468 0.01003569825 2.06690198e-05 2.066903979e-05 2.06702145e-05 2.066901975e-05 2.066903974e-05 2.067021445e-05 2.06690197e-05 2.066903969e-05 2.06702144e-05
-3.13156 0 -8.13156 -3.20012 0 -8.20012 0.0969663 0.0704741 0.0698276 0.05625 97 99 -10 1 0.01003569825 0.01003043502 0.01003569825 0.01003043502 0.01003569825 0.01003043502 2.066903979e-05 2.066900083e-05 2.06702191e-05 2.066903974e-05 2.066900078e-05 2.067021905e-05 2.066903969e-05 2.066900072e-05 2.0670219e-05
-3.20012 0 -8.20012 -3.26869 0 -8.26869 0.0969663 0.0698276 0.069181 0.05625 98 100 -10 1 0.01003043502 0.01002526434 0.01003043502 0.01002526434 0.01003043502 0.01002526434 2.066900083e-05 2.066902078e-05 2.067022372e-05 2.066900078e-05 2.066902073e-05 2.067022367e-05 2.066900072e-05 2.066902067e-05 2.067022361e-05
-3.26869 0 -8.26869 -3.33726 0 -8.33726 0.0969663 0.069181 0.0685345 0.05625 99 101 -10 1 0.01002526434 0.01002018551 0.01002526434 0.01002018551 0.01002526434 0.01002018551 2.066902078e-05 2.066898068e-05 2.067022862e-05 2.066902073e-05 2.066898063e-05 2.067022857e-05 2.066902067e-05 2.066898057e-05 2.067022851e-05
-3.33726 0 -8.33726 -3.40582 0 -8.40582 0.0969663 0.0685345 0.0678879 0.05625 100 102 -10 1 0.01002018551 0.01001519786 0.01002018551 0.01001519786 0.01002018551 0.01001519786 2.066898068e-05 2.06690006e-05 2.067023354e-05 2.066898063e-05 2.066900054e-05 2.067023349e-05 2.066898057e-05 2.066900048e-05 2.067023343e-05
-3.40582 0 -8.40582 -3.47439 0 -8.47439 0.0969663 0.0678879 0.0672414 0.05625 101 103 -10 1 0.01001519786 0.01001030069 0.01001519786 0.01001030069 0.01001519786 0.01001030069 2.06690006e-05 2.066895931e-05 2.067023877e-05 2.066900054e-05 2.066895925e-05 2.067023871e-05 2.066900048e-05 2.066895919e-05 2.067023865e-05
-3.47439 0 -8.47439 -3.54295 0 -8.54295 0.0969663 0.0672414 0.0665948 0.05625 102 104 -10 1 0.01001030069 0.0100054933 0.01001030069 0.0100054933 0.01001030069 0.0100054933 2.066895931e-05 2.066897916e-05 2.067024402e-05 2.066895925e-05 2.06689791e-05 2.067024396e-05 2.066895919e-05 2.066897904e-05 2.06702439e-05
-3.54295 0 -8.54295 -3.61152 0 -8.61152 0.0969663 0.0665948 0.0659483 0.05625 103 105 -10 1 0.0100054933 0.01000077499 0.0100054933 0.01000077499 0.0100054933 0.01000077499 2.066897916e-05 2.066893659e-05 2.067024959e-05 2.06689791e-05 2.066893653e-05 2.067024953e-05 2.066897904e-05 2.066893647e-05 2.067024947e-05
-3.61152 0 -8.61152 -3.68008 0 -8.68008 0.0969663 0.0659483 0.0653017 0.05625 104 106 -10 1 0.01000077499 0.009996145057 0.01000077499 0.009996145057 0.01000077499 0.009996145056 2.066893659e-05 2.066895635e-05 2.06702552e-05 2.066893653e-05 2.066895629e-05 2.067025514e-05 2.066893647e-05 2.066895622e-05 2.067025507e-05
-3.68008 0 -8.68008 -3.74865 0 -8.74865 0.0969663 0.0653017 0.0646552 0.05625 105 107 -10 1 0.009996145057 0.009991602778 0.009996145057 0.009991602778 0.009996145056 0.009991602777 2.066895635e-05 2.066891242e-05 2.067026115e-05 2.066895629e-05 2.066891236e-05 2.067026109e-05 2.066895622e-05 2.066891229e-05 2.067026102e-05
-3.74865 0 -8.74865 -3.81721 0 -8.81721 0.0969663 0.0646552 0.0640086 0.05625 106 108 -10 1 0.009991602778 0.009987147435 0.009991602778 0.009987147435 0.009991602777 0.009987147435 2.066891242e-05 2.066893204e-05 2.067026714e-05 2.066891236e-05 2.066893198e-05 2.067026708e-05 2.066891229e-05 2.066893191e-05 2.067026701e-05
-3.81721 0 -8.81721 -3.88578 0 -8.88578 0.0969663 0.0640086 0.0633621 0.05625 107 109 -10 1 0.009987147435 0.009982778304 0.009987147435 0.009982778304 0.009987147435 0.009982778304 2.066893204e-05 2.066888667e-05 2.06702735e-05 2.066893198e-05 2.06688866e-05 2.067027344e-05 2.066893191e-05 2.066888654e-05 2.067027337e-05
-3.88578 0 -8.88578 -3.95434 0 -8.95434 0.0969663 0.0633621 0.0627155 0.05625 108 110 -10 1 0.009982778304 0.009978494652 0.009982778304 0.009978494652 0.009982778304 0.009978494652 2.066888667e-05 2.066890611e-05 2.067027992e-05 2.06688866e-05 2.066890604e-05 2.067027985e-05 2.066888654e-05 2.066890598e-05 2.067027978e-05
-3.95434 0 -8.95434 -4.02291 0 -9.02291 0.0969663 0.0627155 0.062069 0.05625 109 111 -10 1 0.009978494652 0.009974295744 0.009978494652 0.009974295744 0.009978494652 0.009974295744 2.066890611e-05 2.066885919e-05 2.067028672e-05 2.066890604e-05 2.066885912e-05 2.067028666e-05 2.066890598e-05 2.066885905e-05 2.067028659e-05
-4.02291 0 -9.02291 -4.09148 0 -9.09148 0.0969663 0.062069 0.0614224 0.05625 110 112 -10 1 0.009974295744 0.009970180839 0.009974295744 0.009970180838 0.009974295744 0.009970180838 2.066885919e-05 2.066887841e-05 2.067029359e-05 2.066885912e-05 2.066887834e-05 2.067029352e-05 2.066885905e-05 2.066887827e-05 2.067029345e-05
-4.09148 0 -9.09148 -4.16004 0 -9.16004 0.0969663 0.0614224 0.0607759 0.05625 111 113 -10 1 0.009970180839 0.009966149188 0.009970180838 0.009966149188 0.009970180838 0.009966149188 2.066887841e-05 2.066882985e-05 2.067030088e-05 2.066887834e-05 2.066882978e-05 2.067030081e-05 2.066887827e-05 2.066882971e-05 2.067030074e-05
-4.16004 0 -9.16004 -4.22861 0 -9.22861 0.0969663 0.0607759 0.0601293 0.05625 112 114 -10 1 0.009966149188 0.009962200042 0.009966149188 0.009962200042 0.009966149188 0.009962200042 2.066882985e-05 2.066884891e-05 2.067030821e-05 2.066882978e-05 2.066884884e-05 2.067030814e-05 2.066882971e-05 2.066884876e-05 2.067030807e-05
-4.22861 0 -9.22861 -4.29717 0 -9.29717 0.0969663 0.0601293 0.0594828 0.05625 113 115 -10 1 0.009962200042 0.009958332644 0.009962200042 0.009958332644 0.009962200042 0.009958332644 2.066884891e-05 2.066879947e-05 2.067031577e-05 2.066884884e-05 2.066879939e-05 2.06703157e-05 2.066884876e-05 2.066879932e-05 2.067031563e-05
-4.29717 0 -9.29717 -4.36574 0 -9.36574 0.0969663 0.0594828 0.0588362 0.05625 114 116 -10 1 0.009958332644 0.009954546232 0.009958332644 0.009954546232 0.009958332644 0.009954546232 2.066879947e-05 2.066882467e-05 2.06703218e-05 2.066879939e-05 2.06688246e-05 2.067032173e-05 2.066879932e-05 2.066882453e-05 2.067032165e-05
-4.36574 0 -9.36574 -4.4343 0 -9.4343 0.0969663 0.0588362 0.0581897 0.05625 115 117 -10 1 0.009954546232 0.009950840041 0.009954546232 0.009950840041 0.009954546232 0.00995084004 2.066882467e-05 2.066882049e-05 2.067031652e-05 2.06688246e-05 2.066882042e-05 2.067031644e-05 2.066882453e-05 2.066882034e-05 2.067031637e-05
-4.4343 0 -9.4343 -4.50287 0 -9.50287 0.0969663 0.0581897 0.0575431 0.05625 116 118 -10 1 0.009950840041 0.009947213305 0.009950840041 0.009947213305 0.00995084004 0.009947213305 2.066882049e-05 2.066918757e-05 2.067022577e-05 2.066882042e-05 2.06691875e-05 2.06702257e-05 2.066882034e-05 2.066918743e-05 2.067022563e-05
-4.50287 0 -9.50287 -4.57143 0 -9.57143 0.0969663 0.0575431 0.0568966 0.05625 117 119 -10 1 0.009947213305 0.009943665291 0.009947213305 0.009943665291 0.009947213305 0.009943665291 2.066918757e-05 2.067166547e-05 2.066951451e-05 2.06691875e-05 2.06716654e-05 2.066951444e-05 2.066918743e-05 2.067166533e-05 2.066951437e-05
-4.57143 0 -9.57143 -4.64 0 -9.64 0.0969663 0.0568966 0.05625 0.05625 118 -10 -10 1 0.009943665291 0.009940195505 0.009943665291 0.009940195505 0.009943665291 0.009940195505 2.067166547e-05 2.069005915e-05 2.066429661e-05 2.06716654e-05 2.069005908e-05 2.066429654e-05 2.067166533e-05 2.0690059e-05 2.066429647e-05
-2.58183 0 -7.72136 -2.51206 0 -7.79112 0.09866 0.0730263 0.0710526 0.0375 91 121 -10 1 0.00447263344 0.004467675467 0.004472633439 0.004467675466 0.004472633439 0.004467675466 3.593379242e-06 3.596052423e-06 3.599036703e-06 3.593379237e-06 3.596052417e-06 3.599036698e-06 3.593379232e-06 3.59605241e-06 3.599036692e-06
-2.51206 0 -7.79112 -2.44229 0 -7.86087 0.09866 0.0710526 0.0690789 0.0375 120 122 -10 1 0.004467675467 0.004462978257 0.004467675466 0.004462978256 0.004467675466 0.004462978256 3.596052423e-06 3.596342082e-06 3.598295918e-06 3.596052417e-06 3.596342074e-06 3.598295911e-06 3.59605241e-06 3.596342067e-06 3.598295904e-06
-2.44229 0 -7.86087 -2.37253 0 -7.93063 0.09866 0.0690789 0.0671053 0.0375 121 123 -10 1 0.004462978257 0.004458535193 0.004462978256 0.004458535192 0.004462978256 0.004458535192 3.596342082e-06 3.596324291e-06 3.59822788e-06 3.596342074e-06 3.596324283e-06 3.598227872e-06 3.596342067e-06 3.596324274e-06 3.598227864e-06
-2.37253 0 -7.93063 -2.30276 0 -8.00039 0.09866 0.0671053 0.0651316 0.0375 122 124 -10 1 0.004458535193 0.004454339893 0.004458535192 0.004454339893 0.004458535192 0.004454339893 3.596324291e-06 3.596273449e-06 3.598244971e-06 3.596324283e-06 3.59627344e-06 3.598244963e-06 3.596324274e-06 3.596273431e-06 3.598244954e-06
-2.30276 0 -8.00039 -2.23299 0 -8.07015 0.09866 0.0651316 0.0631579 0.0375 123 125 -10 1 0.004454339893 0.004450385922 0.004454339893 0.004450385922 0.004454339893 0.004450385922 3.596273449e-06 3.596209831e-06 3.598273524e-06 3.59627344e-06 3.596209822e-06 3.598273515e-06 3.596273431e-06 3.596209812e-06 3.598273505e-06
-2.23299 0 -8.07015 -2.16322 0 -8.13991 0.09866 0.0631579 0.0611842 0.0375 124 126 -10 1 0.004450385922 0.004446666745 0.004450385922 0.004446666744 0.004450385922 0.004446666744 3.596209831e-06 3.596138618e-06 3.598307175e-06 3.596209822e-06 3.596138608e-06 3.598307165e-06 3.596209812e-06 3.596138597e-06 3.598307155e-06
-2.16322 0 -8.13991 -2.09345 0 -8.20966 0.09866 0.0611842 0.0592105 0.0375 125 127 -10 1 0.004446666745 0.004443175737 0.004446666744 0.004443175737 0.004446666744 0.004443175737 3.596138618e-06 3.596059905e-06 3.598344606e-06 3.596138608e-06 3.596059894e-06 3.598344595e-06 3.596138597e-06 3.596059882e-06 3.598344583e-06
-2.09345 0 -8.20966 -2.02368 0 -8.27942 0.09866 0.0592105 0.0572368 0.0375 126 128 -10 1 0.004443175737 0.00443990619 0.004443175737 0.00443990619 0.004443175737 0.00443990619 3.596059905e-06 3.595975018e-06 3.59838546e-06 3.596059894e-06 3.595975006e-06 3.598385448e-06 3.596059882e-06 3.595974994e-06 3.598385436e-06
-2.02368 0 -8.27942 -1.95392 0 -8.34918 0.09866 0.0572368 0.0552632 0.0375 127 129 -10 1 0.00443990619 0.004436851307 0.00443990619 0.004436851307 0.00443990619 0.004436851307 3.595975018e-06 3.595869635e-06 3.598432986e-06 3.595975006e-06 3.595869622e-06 3.598432974e-06 3.595974994e-06 3.59586961e-06 3.598432962e-06
-1.95392 0 -8.34918 -1.88415 0 -8.41894 0.09866 0.0552632 0.0532895 0.0375 128 130 -10 1 0.004436851307 0.00443400422 0.004436851307 0.00443400422 0.004436851307 0.00443400422 3.595869635e-06 3.595762908e-06 3.598485978e-06 3.595869622e-06 3.595762895e-06 3.598485965e-06 3.59586961e-06 3.595762882e-06 3.598485952e-06
-1.88415 0 -8.41894 -1.81438 0 -8.48869 0.09866 0.0532895 0.0513158 0.0375 129 131 -10 1 0.00443400422 0.004431357997 0.00443400422 0.004431357997 0.00443400422 0.004431357996 3.595762908e-06 3.595639802e-06 3.598543405e-06 3.595762895e-06 3.595639789e-06 3.598543392e-06 3.595762882e-06 3.595639775e-06 3.598543379e-06
-1.81438 0 -8.48869 -1.74461 0 -8.55845 0.09866 0.0513158 0.0493421 0.0375 130 132 -10 1 0.004431357997 0.00442890563 0.004431357997 0.00442890563 0.004431357996 0.00442890563 3.595639802e-06 3.595500695e-06 3.598608932e-06 3.595639789e-06 3.595500681e-06 3.598608919e-06 3.595639775e-06 3.595500667e-06 3.598608905e-06
-1.74461 0 -8.55845 -1.67484 0 -8.62821 0.09866 0.0493421 0.0473684 0.0375 131 133 -10 1 0.00442890563 0.004426640053 0.00442890563 0.004426640052 0.00442890563 0.004426640052 3.595500695e-06 3.595344519e-06 3.598682732e-06 3.595500681e-06 3.595344505e-06 3.598682718e-06 3.595500667e-06 3.595344491e-06 3.598682704e-06
-1.67484 0 -8.62821 -1.60507 0 -8.69797 0.09866 0.0473684 0.0453947 0.0375 132 134 -10 1 0.004426640053 0.004424554136 0.004426640052 0.004424554136 0.004426640052 0.004424554136 3.595344519e-06 3.595178341e-06 3.598763303e-06 3.595344505e-06 3.595178327e-06 3.598763289e-06 3.595344491e-06 3.595178313e-06 3.598763274e-06
-1.60507 0 -8.69797 -1.53531 0 -8.76773 0.09866 0.0453947 0.0434211 0.0375 133 135 -10 1 0.004424554136 0.004422640699 0.004424554136 0.004422640699 0.004424554136 0.004422640699 3.595178341e-06 3.595037892e-06 3.598839946e-06 3.595178327e-06 3.595037878e-06 3.598839932e-06 3.595178313e-06 3.595037864e-06 3.598839917e-06
-1.53531 0 -8.76773 -1.46554 0 -8.83748 0.09866 0.0434211 0.0414474 0.0375 134 136 -10 1 0.004422640699 0.004420892536 0.004422640699 0.004420892536 0.004422640699 0.004420892536 3.595037892e-06 3.595371868e-06 3.598791555e-06 3.595037878e-06 3.595371854e-06 3.598791541e-06 3.595037864e-06 3.595371839e-06 3.598791526e-06
-1.46554 0 -8.83748 -1.39577 0 -8.90724 0.09866 0.0414474 0.0394737 0.0375 135 137 -10 1 0.004420892536 0.004419302555 0.004420892536 0.004419302555 0.004420892536 0.004419302555 3.595371868e-06 3.599400207e-06 3.59770097e-06 3.595371854e-06 3.599400193e-06 3.597700956e-06 3.595371839e-06 3.599400178e-06 3.597700941e-06
-1.39577 0 -8.90724 -1.326 0 -8.977 0.09866 0.0394737 0.0375 0.0375 136 -10 -10 1 0.004419302555 0.004417864669 0.004419302555 0.004417864669 0.004419302555 0.004417864669 3.599400207e-06 3.63168534e-06 3.588622599e-06 3.599400193e-06 3.631685326e-06 3.588622585e-06 3.599400178e-06 3.631685311e-06 3.58862257e-06
0.068 0 -5.068 0.136 0 -5.136 0.0961665 0.0980769 0.0961538 0.05 52 139 -10 1 0.008007972677 0.008003543051 0.008007972677 0.008003543051 0.008007972677 0.00800354305 5.795475998e-06 5.797496241e-06 5.7997943e-06 5.79547607e-06 5.797496311e-06 5.799794371e-06 5.795476143e-06 5.797496383e-06 5.799794443e-06
0.136 0 -5.136 0.204 0 -5.204 0.0961665 0.0961538 0.0942308 0.05 138 140 -10 1 0.008003543051 0.007999283826 0.008003543051 0.007999283826 0.00800354305 0.007999283825 5.797496241e-06 5.797711039e-06 5.799235398e-06 5.797496311e-06 5.797711106e-06 5.799235467e-06 5.797496383e-06 5.797711176e-06 5.799235538e-06
0.204 0 -5.204 0.272 0 -5.272 0.0961665 0.0942308 0.0923077 0.05 139 141 -10 1 0.007999283826 0.007995191774 0.007999283826 0.007995191773 0.007999283825 0.007995191773 5.797711039e-06 5.797713338e-06 5.799180958e-06 5.797711106e-06 5.797713403e-06 5.799181024e-06 5.797711176e-06 5.79771347e-06 5.799181092e-06
0.272 0 -5.272 0.34 0 -5.34 0.0961665 0.0923077 0.0903846 0.05 140 142 -10 1 0.007995191774 0.007991263783 0.007995191773 0.007991263783 0.007995191773 0.007991263782 5.797713338e-06 5.797684083e-06 5.799187507e-06 5.797713403e-06 5.797684145e-06 5.799187571e-06 5.79771347e-06 5.797684209e-06 5.799187637e-06
0.34 0 -5.34 0.408 0 -5.408 0.0961665 0.0903846 0.0884615 0.05 141 143 -10 1 0.007991263783 0.007987496731 0.007991263783 0.00798749673 0.007991263782 0.00798749673 5.797684083e-06 5.7976516e-06 5.799202731e-06 5.797684145e-06 5.79765166e-06 5.799202792e-06 5.797684209e-06 5.797651721e-06 5.799202855e-06
0.408 0 -5.408 0.476 0 -5.476 0.0961665 0.0884615 0.0865385 0.05 142 144 -10 1 0.007987496731 0.007983887465 0.00798749673 0.007983887464 0.00798749673 0.007983887464 5.7976516e-06 5.797605397e-06 5.799222173e-06 5.79765166e-06 5.797605453e-06 5.799222231e-06 5.797651721e-06 5.797605511e-06 5.79922229e-06
0.476 0 -5.476 0.544 0 -5.544 0.0961665 0.0865385 0.0846154 0.05 143 145 -10 1 0.007983887465 0.007980432817 0.007983887464 0.007980432816 0.007983887464 0.007980432816 5.797605397e-06 5.797567131e-06 5.799243042e-06 5.797605453e-06 5.797567184e-06 5.799243097e-06 5.797605511e-06 5.797567238e-06 5.799243153e-06
0.544 0 -5.544 0.612 0 -5.612 0.0961665 0.0846154 0.0826923 0.05 144 146 -10 1 0.007980432817 0.007977129602 0.007980432816 0.007977129601 0.007980432816 0.007977129601 5.797567131e-06 5.797523272e-06 5.79926331e-06 5.797567184e-06 5.797523321e-06 5.799263361e-06 5.797567238e-06 5.797523371e-06 5.799263413e-06
0.612 0 -5.612 0.68 0 -5.68 0.0961665 0.0826923 0.0807692 0.05 145 147 -10 1 0.007977129602 0.007973974607 0.007977129601 0.007973974606 0.007977129601 0.007973974605 5.797523272e-06 5.797478728e-06 5.799285133e-06 5.797523321e-06 5.797478773e-06 5.79928518e-06 5.797523371e-06 5.797478819e-06 5.799285229e-06
0.68 0 -5.68 0.748 0 -5.748 0.0961665 0.0807692 0.0788462 0.05 146 148 -10 1 0.007973974607 0.007970964595 0.007973974606 0.007970964595 0.007973974605 0.007970964594 5.797478728e-06 5.797418689e-06 5.799310988e-06 5.797478773e-06 5.797418731e-06 5.799311031e-06 5.797478819e-06 5.797418773e-06 5.799311076e-06
0.748 0 -5.748 0.816 0 -5.816 0.0961665 0.0788462 0.0769231 0.05 147 149 -10 1 0.007970964595 0.007968096316 0.007970964595 0.007968096316 0.007970964594 0.007968096315 5.797418689e-06 5.797366349e-06 5.799338781e-06 5.797418731e-06 5.797366386e-06 5.79933882e-06 5.797418773e-06 5.797366424e-06 5.79933886e-06
0.816 0 -5.816 0.884 0 -5.884 0.0961665 0.0769231 0.075 0.05 148 150 -10 1 0.007968096316 0.007965366503 0.007968096316 0.007965366503 0.007968096315 0.007965366502 5.797366349e-06 5.797306349e-06 5.799366555e-06 5.797366386e-06 5.797306382e-06 5.79936659e-06 5.797366424e-06 5.797306416e-06 5.799366626e-06
0.884 0 -5.884 0.952 0 -5.952 0.0961665 0.075 0.0730769 0.05 149 151 -10 1 0.007965366503 0.007962771868 0.007965366503 0.007962771867 0.007965366502 0.007962771866 5.797306349e-06 5.797241389e-06 5.799397476e-06 5.797306382e-06 5.797241417e-06 5.799397506e-06 5.797306416e-06 5.797241446e-06 5.799397537e-06
0.952 0 -5.952 1.02 0 -6.02 0.0961665 0.0730769 0.0711538 0.05 150 152 -10 1 0.007962771868 0.007960309105 0.007962771867 0.007960309104 0.007962771866 0.007960309104 5.797241389e-06 5.797174282e-06 5.799430166e-06 5.797241417e-06 5.797174306e-06 5.799430192e-06 5.797241446e-06 5.79717433e-06 5.799430219e-06
1.02 0 -6.02 1.088 0 -6.088 0.0961665 0.0711538 0.0692308 0.05 151 153 -10 1 0.007960309105 0.007957974889 0.007960309104 0.007957974889 0.007960309104 0.007957974888 5.797174282e-06 5.797087643e-06 5.799468271e-06 5.797174306e-06 5.797087662e-06 5.799468293e-06 5.79717433e-06 5.797087682e-06 5.799468315e-06
1.088 0 -6.088 1.156 0 -6.156 0.0961665 0.0692308 0.0673077 0.05 152 154 -10 1 0.007957974889 0.007955765885 0.007957974889 0.007955765884 0.007957974888 0.007955765883 5.797087643e-06 5.797007562e-06 5.799509615e-06 5.797087662e-06 5.797007576e-06 5.799509632e-06 5.797087682e-06 5.797007591e-06 5.799509649e-06
1.156 0 -6.156 1.224 0 -6.224 0.0961665 0.0673077 0.0653846 0.05 153 155 -10 1 0.007955765885 0.007953678743 0.007955765884 0.007953678742 0.007955765883 0.007953678742 5.797007562e-06 5.796916608e-06 5.799552034e-06 5.797007576e-06 5.796916618e-06 5.799552047e-06 5.797007591e-06 5.796916629e-06 5.799552059e-06
1.224 0 -6.224 1.292 0 -6.292 0.0961665 0.0653846 0.0634615 0.05 154 156 -10 1 0.007953678743 0.007951710099 0.007953678742 0.007951710098 0.007953678742 0.007951710098 5.796916608e-06 5.796820402e-06 5.799598483e-06 5.796916618e-06 5.796820407e-06 5.79959849e-06 5.796916629e-06 5.796820413e-06 5.799598498e-06
1.292 0 -6.292 1.36 0 -6.36 0.0961665 0.0634615 0.0615385 0.05 155 157 -10 1 0.007951710099 0.007949856571 0.007951710098 0.00794985657 0.007951710098 0.00794985657 5.796820402e-06 5.796699458e-06 5.799652427e-06 5.796820407e-06 5.796699459e-06 5.79965243e-06 5.796820413e-06 5.79669946e-06 5.799652433e-06
1.36 0 -6.36 1.428 0 -6.428 0.0961665 0.0615385 0.0596154 0.05 156 158 -10 1 0.007949856571 0.007948114768 0.00794985657 0.007948114767 0.00794985657 0.007948114767 5.796699458e-06 5.796583347e-06 5.799711347e-06 5.796699459e-06 5.796583343e-06 5.799711345e-06 5.79669946e-06 5.796583339e-06 5.799711344e-06
1.428 0 -6.428 1.496 0 -6.496 0.0961665 0.0596154 0.0576923 0.05 157 159 -10 1 0.007948114768 0.007946481291 0.007948114767 0.00794648129 0.007948114767 0.00794648129 5.796583347e-06 5.796457301e-06 5.799771543e-06 5.796583343e-06 5.796457292e-06 5.799771537e-06 5.796583339e-06 5.796457284e-06 5.79977153e-06
1.496 0 -6.496 1.564 0 -6.564 0.0961665 0.0576923 0.0557692 0.05 158 160 -10 1 0.007946481291 0.007944952728 0.00794648129 0.007944952727 0.00794648129 0.007944952727 5.796457301e-06 5.79636779e-06 5.799825089e-06 5.796457292e-06 5.796367777e-06 5.799825078e-06 5.796457284e-06 5.796367764e-06 5.799825067e-06
1.564 0 -6.564 1.632 0 -6.632 0.0961665 0.0557692 0.0538462 0.05 159 161 -10 1 0.007944952728 0.007943525661 0.007944952727 0.007943525661 0.007944952727 0.00794352566 5.79636779e-06 5.796600708e-06 5.799788896e-06 5.796367777e-06 5.79660069e-06 5.79978888e-06 5.796367764e-06 5.796600672e-06 5.799788864e-06
1.632 0 -6.632 1.7 0 -6.7 0.0961665 0.0538462 0.0519231 0.05 160 162 -10 1 0.007943525661 0.007942196726 0.007943525661 0.007942196725 0.00794352566 0.007942196724 5.796600708e-06 5.799526245e-06 5.798998943e-06 5.79660069e-06 5.799526223e-06 5.798998922e-06 5.796600672e-06 5.7995262e-06 5.798998901e-06
1.7 0 -6.7 1.768 0 -6.768 0.0961665 0.0519231 0.05 0.05 161 163 164 1 0.007942196726 0.007940962955 0.007942196725 0.007940962954 0.007942196724 0.007940962953 5.799526245e-06 5.822800101e-06 5.792448757e-06 5.799526223e-06 5.822800074e-06 5.792448732e-06 5.7995262e-06 5.822800046e-06 5.792448706e-06
1.768 0 -6.768 1.69821 0 -6.83779 0.0986972 0.05 0.0493421 0.0375 162 165 -10 1 0.004466791662 0.004463519003 0.004466791662 0.004463519003 0.004466791661 0.004463519002 4.970139104e-06 4.981620017e-06 4.987522118e-06 4.970139079e-06 4.98161999e-06 4.987522093e-06 4.970139055e-06 4.981619963e-06 4.987522068e-06
1.768 0 -6.768 1.836 0 -6.836 0.0961665 0.05 0.0480769 0.025 162 183 -10 1 0.001985240739 0.001982496732 0.001985240739 0.001982496732 0.001985240738 0.001982496732 8.526609971e-07 8.651014539e-07 8.717086087e-07 8.526609941e-07 8.6510145e-07 8.717086054e-07 8.52660991e-07 8.65101446e-07 8.71708602e-07
1.69821 0 -6.83779 1.62842 0 -6.90758 0.0986972 0.0493421 0.0486842 0.0375 163 166 -10 1 0.004463519003 0.004460329838 0.004463519003 0.004460329838 0.004463519002 0.004460329837 4.981620017e-06 4.983034753e-06 4.984298021e-06 4.98161999e-06 4.983034724e-06 4.984297993e-06 4.981619963e-06 4.983034695e-06 4.984297965e-06
1.62842 0 -6.90758 1.55863 0 -6.97737 0.0986972 0.0486842 0.0480263 0.0375 165 167 -10 1 0.004460329838 0.004457222528 0.004460329838 0.004457222528 0.004460329837 0.004457222527 4.983034753e-06 4.983203257e-06 4.983902034e-06 4.983034724e-06 4.983203225e-06 4.983902004e-06 4.983034695e-06 4.983203193e-06 4.983901973e-06
1.55863 0 -6.97737 1.48884 0 -7.04716 0.0986972 0.0480263 0.0473684 0.0375 166 168 -10 1 0.004457222528 0.004454196088 0.004457222528 0.004454196087 0.004457222527 0.004454196087 4.983203257e-06 4.983217231e-06 4.983856247e-06 4.983203225e-06 4.983217197e-06 4.983856215e-06 4.983203193e-06 4.983217163e-06 4.983856182e-06
1.48884 0 -7.04716 1.41905 0 -7.11695 0.0986972 0.0473684 0.0467105 0.0375 167 169 -10 1 0.004454196088 0.004451249602 0.004454196087 0.004451249601 0.004454196087 0.004451249601 4.983217231e-06 4.983211776e-06 4.98385396e-06 4.983217197e-06 4.98321174e-06 4.983853925e-06 4.983217163e-06 4.983211704e-06 4.98385389e-06
1.41905 0 -7.11695 1.34926 0 -7.18674 0.0986972 0.0467105 0.0460526 0.0375 168 170 -10 1 0.004451249602 0.004448382153 0.004451249601 0.004448382153 0.004451249601 0.004448382153 4.983211776e-06 4.983203601e-06 4.983857219e-06 4.98321174e-06 4.983203563e-06 4.983857183e-06 4.983211704e-06 4.983203525e-06 4.983857145e-06
1.34926 0 -7.18674 1.27947 0 -7.25653 0.0986972 0.0460526 0.0453947 0.0375 169 171 -10 1 0.004448382153 0.004445592817 0.004448382153 0.004445592817 0.004448382153 0.004445592817 4.983203601e-06 4.983194824e-06 4.98386132e-06 4.983203563e-06 4.983194785e-06 4.983861281e-06 4.983203525e-06 4.983194744e-06 4.983861242e-06
1.27947 0 -7.25653 1.20968 0 -7.32632 0.0986972 0.0453947 0.0447368 0.0375 170 172 -10 1 0.004445592817 0.004442880659 0.004445592817 0.004442880659 0.004445592817 0.004442880658 4.983194824e-06 4.983186224e-06 4.983865538e-06 4.983194785e-06 4.983186183e-06 4.983865497e-06 4.983194744e-06 4.983186141e-06 4.983865456e-06
1.20968 0 -7.32632 1.13989 0 -7.39611 0.0986972 0.0447368 0.0440789 0.0375 171 173 -10 1 0.004442880659 0.004440244733 0.004442880659 0.004440244733 0.004442880658 0.004440244733 4.983186224e-06 4.983182007e-06 4.983868626e-06 4.983186183e-06 4.983181965e-06 4.983868584e-06 4.983186141e-06 4.983181921e-06 4.983868541e-06
1.13989 0 -7.39611 1.07011 0 -7.46589 0.0986972 0.0440789 0.0434211 0.0375 172 174 -10 1 0.004440244733 0.00443768408 0.004440244733 0.00443768408 0.004440244733 0.00443768408 4.983182007e-06 4.983158924e-06 4.983875346e-06 4.983181965e-06 4.98315888e-06 4.983875302e-06 4.983181921e-06 4.983158835e-06 4.983875258e-06
1.07011 0 -7.46589 1.00032 0 -7.53568 0.0986972 0.0434211 0.0427632 0.0375 173 175 -10 1 0.00443768408 0.004435197737 0.00443768408 0.004435197736 0.00443768408 0.004435197736 4.983158924e-06 4.983153828e-06 4.983882296e-06 4.98315888e-06 4.983153783e-06 4.983882252e-06 4.983158835e-06 4.983153737e-06 4.983882206e-06
1.00032 0 -7.53568 0.930526 0 -7.60547 0.0986972 0.0427632 0.0421053 0.0375 174 176 -10 1 0.004435197737 0.004432784736 0.004435197736 0.004432784736 0.004435197736 0.004432784736 4.983153828e-06 4.983143249e-06 4.983886132e-06 4.983153783e-06 4.983143203e-06 4.983886086e-06 4.983153737e-06 4.983143156e-06 4.98388604e-06
0.930526 0 -7.60547 0.860737 0 -7.67526 0.0986972 0.0421053 0.0414474 0.0375 175 177 -10 1 0.004432784736 0.004430444098 0.004432784736 0.004430444098 0.004432784736 0.004430444098 4.983143249e-06 4.983131543e-06 4.983891631e-06 4.983143203e-06 4.983131496e-06 4.983891585e-06 4.983143156e-06 4.983131448e-06 4.983891537e-06
0.860737 0 -7.67526 0.790947 0 -7.74505 0.0986972 0.0414474 0.0407895 0.0375 176 178 -10 1 0.004430444098 0.004428174833 0.004430444098 0.004428174833 0.004430444098 0.004428174832 4.983131543e-06 4.983119599e-06 4.983897482e-06 4.983131496e-06 4.983119552e-06 4.983897435e-06 4.983131448e-06 4.983119503e-06 4.983897386e-06
0.790947 0 -7.74505 0.721158 0 -7.81484 0.0986972 0.0407895 0.0401316 0.0375 177 179 -10 1 0.004428174833 0.004425975942 0.004428174833 0.004425975942 0.004428174832 0.004425975941 4.983119599e-06 4.983110453e-06 4.983902704e-06 4.983119552e-06 4.983110404e-06 4.983902656e-06 4.983119503e-06 4.983110355e-06 4.983902607e-06
0.721158 0 -7.81484 0.651368 0 -7.88463 0.0986972 0.0401316 0.0394737 0.0375 178 180 -10 1 0.004425975942 0.00442384642 0.004425975942 0.00442384642 0.004425975941 0.00442384642 4.983110453e-06 4.983127135e-06 4.983900781e-06 4.983110404e-06 4.983127086e-06 4.983900732e-06 4.983110355e-06 4.983127036e-06 4.983900682e-06
0.651368 0 -7.88463 0.581579 0 -7.95442 0.0986972 0.0394737 0.0388158 0.0375 179 181 -10 1 0.00442384642 0.004421785264 0.00442384642 0.004421785264 0.00442384642 0.004421785263 4.983127135e-06 4.983346417e-06 4.98384176e-06 4.983127086e-06 4.983346367e-06 4.983841711e-06 4.983127036e-06 4.983346317e-06 4.983841661e-06
0.581579 0 -7.95442 0.511789 0 -8.02421 0.0986972 0.0388158 0.0381579 0.0375 180 182 -10 1 0.004421785264 0.004419791519 0.004421785264 0.004419791519 0.004421785263 0.004419791519 4.983346417e-06 4.985123322e-06 4.983342694e-06 4.983346367e-06 4.985123272e-06 4.983342645e-06 4.983346317e-06 4.985123222e-06 4.983342594e-06
0.511789 0 -8.02421 0.442 0 -8.094 0.0986972 0.0381579 0.0375 0.0375 181 -10 -10 1 0.004419791519 0.004417864669 0.004419791519 0.004417864669 0.004419791519 0.004417864669 4.985123322e-06 4.998840938e-06 4.979469054e-06 4.985123272e-06 4.998840888e-06 4.979469005e-06 4.985123222e-06 4.998840837e-06 4.979468954e-06
1.836 0 -6.836 1.904 0 -6.904 0.0961665 0.0480769 0.0461538 0.025 164 184 -10 1 0.001982496732 0.001979962795 0.001982496732 0.001979962795 0.001982496732 0.001979962795 8.651014539e-07 8.666137843e-07 8.682203333e-07 8.6510145e-07 8.666137794e-07 8.682203288e-07 8.65101446e-07 8.666137745e-07 8.682203243e-07
1.904 0 -6.904 1.972 0 -6.972 0.0961665 0.0461538 0.0442308 0.025 183 185 -10 1 0.001979962795 0.001977627682 0.001979962795 0.001977627681 0.001979962795 0.001977627681 8.666137843e-07 8.667620351e-07 8.678051155e-07 8.666137794e-07 8.667620293e-07 8.6780511e-07 8.666137745e-07 8.667620234e-07 8.678051044e-07
1.972 0 -6.972 2.04 0 -7.04 0.0961665 0.0442308 0.0423077 0.025 184 186 -10 1 0.001977627682 0.001975483515 0.001977627681 0.001975483515 0.001977627681 0.001975483515 8.667620351e-07 8.667391007e-07 8.677737208e-07 8.667620293e-07 8.66739094e-07 8.677737145e-07 8.667620234e-07 8.667390872e-07 8.67773708e-07
2.04 0 -7.04 2.108 0 -7.108 0.0961665 0.0423077 0.0403846 0.025 185 187 -10 1 0.001975483515 0.001973522693 0.001975483515 0.001973522693 0.001975483515 0.001973522693 8.667391007e-07 8.666871871e-07 8.677923747e-07 8.66739094e-07 8.666871797e-07 8.677923676e-07 8.667390872e-07 8.666871722e-07 8.677923603e-07
2.108 0 -7.108 2.176 0 -7.176 0.0961665 0.0403846 0.0384615 0.025 186 188 -10 1 0.001973522693 0.001971737529 0.001973522693 0.001971737529 0.001973522693 0.001971737529 8.666871871e-07 8.666245765e-07 8.678209554e-07 8.666871797e-07 8.666245684e-07 8.678209475e-07 8.666871722e-07 8.666245602e-07 8.678209395e-07
2.176 0 -7.176 2.244 0 -7.244 0.0961665 0.0384615 0.0365385 0.025 187 189 -10 1 0.001971737529 0.00197012022 0.001971737529 0.00197012022 0.001971737529 0.001970120219 8.666245765e-07 8.66547006e-07 8.67855958e-07 8.666245684e-07 8.665469974e-07 8.678559496e-07 8.666245602e-07 8.665469887e-07 8.67855941e-07
2.244 0 -7.244 2.312 0 -7.312 0.0961665 0.0365385 0.0346154 0.025 188 190 -10 1 0.00197012022 0.001968662865 0.00197012022 0.001968662865 0.001970120219 0.001968662865 8.66547006e-07 8.664603107e-07 8.678969893e-07 8.665469974e-07 8.664603017e-07 8.678969804e-07 8.665469887e-07 8.664602925e-07 8.678969713e-07
2.312 0 -7.312 2.38 0 -7.38 0.0961665 0.0346154 0.0326923 0.025 189 191 -10 1 0.001968662865 0.001967357471 0.001968662865 0.001967357471 0.001968662865 0.001967357471 8.664603107e-07 8.663610794e-07 8.67943443e-07 8.664603017e-07 8.663610701e-07 8.679434337e-07 8.664602925e-07 8.663610606e-07 8.679434243e-07
2.38 0 -7.38 2.448 0 -7.448 0.0961665 0.0326923 0.0307692 0.025 190 192 -10 1 0.001967357471 0.001966195961 0.001967357471 0.001966195961 0.001967357471 0.001966195961 8.663610794e-07 8.662813044e-07 8.679881734e-07 8.663610701e-07 8.662812948e-07 8.679881639e-07 8.663610606e-07 8.66281285e-07 8.679881541e-07
2.448 0 -7.448 2.516 0 -7.516 0.0961665 0.0307692 0.0288462 0.025 191 193 -10 1 0.001966195961 0.001965170204 0.001966195961 0.001965170204 0.001966195961 0.001965170204 8.662813044e-07 8.664711377e-07 8.679606439e-07 8.662812948e-07 8.66471128e-07 8.679606341e-07 8.66281285e-07 8.66471118e-07 8.679606241e-07
2.516 0 -7.516 2.584 0 -7.584 0.0961665 0.0288462 0.0269231 0.025 192 194 -10 1 0.001965170204 0.001964272225 0.001965170204 0.001964272225 0.001965170204 0.001964272225 8.664711377e-07 8.689180542e-07 8.67301447e-07 8.66471128e-07 8.689180443e-07 8.673014371e-07 8.66471118e-07 8.689180342e-07 8.673014271e-07
2.584 0 -7.584 2.652 0 -7.652 0.0961665 0.0269231 0.025 0.025 193 -10 -10 1 0.001964272225 0.001963495408 0.001964272225 0.001963495408 0.001964272225 0.001963495408 8.689180542e-07 8.886290148e-07 8.617619733e-07 8.689180443e-07 8.886290046e-07 8.617619634e-07 8.689180342e-07 8.886289942e-07 8.617619534e-07
