0 0 0 0 0 -0.980392 0.980392 1 1 1 -10 1 -10 1 4 1 1
0 0 -0.980392 0 0 -1.96078 0.980392 1 1 1 0 2 -10 1 4 1 1
0 0 -1.96078 0 0 -2.94118 0.980392 1 1 1 1 3 -10 1 4 1 1
0 0 -2.94118 0 0 -3.92157 0.980392 1 1 1 2 4 -10 1 4 1 1
0 0 -3.92157 0 0 -4.90196 0.980392 1 1 1 3 5 -10 1 4 1 1
0 0 -4.90196 0 0 -5.88235 0.980392 1 1 1 4 6 -10 1 4 1 1
0 0 -5.88235 0 0 -6.86275 0.980392 1 1 1 5 7 -10 1 4 1 1
0 0 -6.86275 0 0 -7.84314 0.980392 1 1 1 6 8 -10 1 4 1 1
0 0 -7.84314 0 0 -8.82353 0.980392 1 1 1 7 9 -10 1 4 1 1
0 0 -8.82353 0 0 -9.80392 0.980392 1 1 1 8 10 -10 1 4 1 1
0 0 -9.80392 0 0 -10.7843 0.980392 1 1 1 9 11 -10 1 4 1 1
0 0 -10.7843 0 0 -11.7647 0.980392 1 1 1 10 12 -10 1 4 1 1
0 0 -11.7647 0 0 -12.7451 0.980392 1 1 1 11 13 -10 1 4 1 1
0 0 -12.7451 0 0 -13.7255 0.980392 1 1 1 12 14 -10 1 4 1 1
0 0 -13.7255 0 0 -14.7059 0.980392 1 1 1 13 15 -10 1 4 1 1
0 0 -14.7059 0 0 -15.6863 0.980392 1 1 1 14 16 -10 1 4 1 1
0 0 -15.6863 0 0 -16.6667 0.980392 1 1 1 15 17 -10 1 4 1 1
0 0 -16.6667 0 0 -17.6471 0.980392 1 1 1 16 18 -10 1 4 1 1
0 0 -17.6471 0 0 -18.6275 0.980392 1 1 1 17 19 -10 1 4 1 1
0 0 -18.6275 0 0 -19.6078 0.980392 1 1 1 18 20 -10 1 4 1 1
0 0 -19.6078 0 0 -20.5882 0.980392 1 1 1 19 21 -10 1 4 1 1
0 0 -20.5882 0 0 -21.5686 0.980392 1 1 1 20 22 -10 1 4 1 1
0 0 -21.5686 0 0 -22.549 0.980392 1 1 1 21 23 -10 1 4 1 1
0 0 -22.549 0 0 -23.5294 0.980392 1 1 1 22 24 -10 1 4 1 1
0 0 -23.5294 0 0 -24.5098 0.980392 1 1 1 23 25 -10 1 4 1 1
0 0 -24.5098 0 0 -25.4902 0.980392 1 1 1 24 26 -10 1 4 1 1
0 0 -25.4902 0 0 -26.4706 0.980392 1 1 1 25 27 -10 1 4 1 1
0 0 -26.4706 0 0 -27.451 0.980392 1 1 1 26 28 -10 1 4 1 1
0 0 -27.451 0 0 -28.4314 0.980392 1 1 1 27 29 -10 1 4 1 1
0 0 -28.4314 0 0 -29.4118 0.980392 1 1 1 28 30 -10 1 4 1 1
0 0 -29.4118 0 0 -30.3922 0.980392 1 1 1 29 31 -10 1 4 1 1
0 0 -30.3922 0 0 -31.3725 0.980392 1 1 1 30 32 -10 1 4 1 1
0 0 -31.3725 0 0 -32.3529 0.980392 1 1 1 31 33 -10 1 4 1 1
0 0 -32.3529 0 0 -33.3333 0.980392 1 1 1 32 34 -10 1 4 1 1
0 0 -33.3333 0 0 -34.3137 0.980392 1 1 1 33 35 -10 1 4 1 1
0 0 -34.3137 0 0 -35.2941 0.980392 1 1 1 34 36 -10 1 4 1 1
0 0 -35.2941 0 0 -36.2745 0.980392 1 1 1 35 37 -10 1 4 1 1
0 0 -36.2745 0 0 -37.2549 0.980392 1 1 1 36 38 -10 1 4 1 1
0 0 -37.2549 0 0 -38.2353 0.980392 1 1 1 37 39 -10 1 4 1 1
0 0 -38.2353 0 0 -39.2157 0.980392 1 1 1 38 40 -10 1 4 1 1
0 0 -39.2157 0 0 -40.1961 0.980392 1 1 1 39 41 -10 1 4 1 1
0 0 -40.1961 0 0 -41.1765 0.980392 1 1 1 40 42 -10 1 4 1 1
0 0 -41.1765 0 0 -42.1569 0.980392 1 1 1 41 43 -10 1 4 1 1
0 0 -42.1569 0 0 -43.1373 0.980392 1 1 1 42 44 -10 1 4 1 1
0 0 -43.1373 0 0 -44.1176 0.980392 1 1 1 43 45 -10 1 4 1 1
0 0 -44.1176 0 0 -45.098 0.980392 1 1 1 44 46 -10 1 4 1 1
0 0 -45.098 0 0 -46.0784 0.980392 1 1 1 45 47 -10 1 4 1 1
0 0 -46.0784 0 0 -47.0588 0.980392 1 1 1 46 48 -10 1 4 1 1
0 0 -47.0588 0 0 -48.0392 0.980392 1 1 1 47 49 -10 1 4 1 1
0 0 -48.0392 0 0 -49.0196 0.980392 1 1 1 48 50 -10 1 4 1 1
0 0 -49.0196 0 0 -50 0.980392 1 1 1 49 51 52 1 4 1 1
0 0 -50 -0.697789 0 -50.6978 0.986823 1 0.993421 0.75 50 53 -10 1 4 1 1
0 0 -50 0.68 0 -50.68 0.961665 1 0.980769 0.5 50 138 -10 1 4 1 1
-0.697789 0 -50.6978 -1.39558 0 -51.3956 0.986823 0.993421 0.986842 0.75 51 54 -10 1 4 1 1
-1.39558 0 -51.3956 -2.09337 0 -52.0934 0.986823 0.986842 0.980263 0.75 53 55 -10 1 4 1 1
-2.09337 0 -52.0934 -2.79116 0 -52.7912 0.986823 0.980263 0.973684 0.75 54 56 -10 1 4 1 1
-2.79116 0 -52.7912 -3.48895 0 -53.4889 0.986823 0.973684 0.967105 0.75 55 57 -10 1 4 1 1
-3.48895 0 -53.4889 -4.18674 0 -54.1867 0.986823 0.967105 0.960526 0.75 56 58 -10 1 4 1 1
-4.18674 0 -54.1867 -4.88453 0 -54.8845 0.986823 0.960526 0.953947 0.75 57 59 -10 1 4 1 1
-4.88453 0 -54.8845 -5.58232 0 -55.5823 0.986823 0.953947 0.947368 0.75 58 60 -10 1 4 1 1
-5.58232 0 -55.5823 -6.28011 0 -56.2801 0.986823 0.947368 0.940789 0.75 59 61 -10 1 4 1 1
-6.28011 0 -56.2801 -6.97789 0 -56.9779 0.986823 0.940789 0.934211 0.75 60 62 -10 1 4 1 1
-6.97789 0 -56.9779 -7.67568 0 -57.6757 0.986823 0.934211 0.927632 0.75 61 63 -10 1 4 1 1
-7.67568 0 -57.6757 -8.37347 0 -58.3735 0.986823 0.927632 0.921053 0.75 62 64 -10 1 4 1 1
-8.37347 0 -58.3735 -9.07126 0 -59.0713 0.986823 0.921053 0.914474 0.75 63 65 -10 1 4 1 1
-9.07126 0 -59.0713 -9.76905 0 -59.7691 0.986823 0.914474 0.907895 0.75 64 66 -10 1 4 1 1
-9.76905 0 -59.7691 -10.4668 0 -60.4668 0.986823 0.907895 0.901316 0.75 65 67 -10 1 4 1 1
-10.4668 0 -60.4668 -11.1646 0 -61.1646 0.986823 0.901316 0.894737 0.75 66 68 -10 1 4 1 1
-11.1646 0 -61.1646 -11.8624 0 -61.8624 0.986823 0.894737 0.888158 0.75 67 69 -10 1 4 1 1
-11.8624 0 -61.8624 -12.5602 0 -62.5602 0.986823 0.888158 0.881579 0.75 68 70 -10 1 4 1 1
-12.5602 0 -62.5602 -13.258 0 -63.258 0.986823 0.881579 0.875 0.75 69 71 -10 1 4 1 1
-13.258 0 -63.258 -13.9558 0 -63.9558 0.986823 0.875 0.868421 0.75 70 72 -10 1 4 1 1
-13.9558 0 -63.9558 -14.6536 0 -64.6536 0.986823 0.868421 0.861842 0.75 71 73 -10 1 4 1 1
-14.6536 0 -64.6536 -15.3514 0 -65.3514 0.986823 0.861842 0.855263 0.75 72 74 -10 1 4 1 1
-15.3514 0 -65.3514 -16.0492 0 -66.0492 0.986823 0.855263 0.848684 0.75 73 75 -10 1 4 1 1
-16.0492 0 -66.0492 -16.7469 0 -66.7469 0.986823 0.848684 0.842105 0.75 74 76 -10 1 4 1 1
-16.7469 0 -66.7469 -17.4447 0 -67.4447 0.986823 0.842105 0.835526 0.75 75 77 -10 1 4 1 1
-17.4447 0 -67.4447 -18.1425 0 -68.1425 0.986823 0.835526 0.828947 0.75 76 78 -10 1 4 1 1
-18.1425 0 -68.1425 -18.8403 0 -68.8403 0.986823 0.828947 0.822368 0.75 77 79 -10 1 4 1 1
-18.8403 0 -68.8403 -19.5381 0 -69.5381 0.986823 0.822368 0.815789 0.75 78 80 -10 1 4 1 1
-19.5381 0 -69.5381 -20.2359 0 -70.2359 0.986823 0.815789 0.809211 0.75 79 81 -10 1 4 1 1
-20.2359 0 -70.2359 -20.9337 0 -70.9337 0.986823 0.809211 0.802632 0.75 80 82 -10 1 4 1 1
-20.9337 0 -70.9337 -21.6315 0 -71.6315 0.986823 0.802632 0.796053 0.75 81 83 -10 1 4 1 1
-21.6315 0 -71.6315 -22.3293 0 -72.3293 0.986823 0.796053 0.789474 0.75 82 84 -10 1 4 1 1
-22.3293 0 -72.3293 -23.0271 0 -73.0271 0.986823 0.789474 0.782895 0.75 83 85 -10 1 4 1 1
-23.0271 0 -73.0271 -23.7248 0 -73.7248 0.986823 0.782895 0.776316 0.75 84 86 -10 1 4 1 1
-23.7248 0 -73.7248 -24.4226 0 -74.4226 0.986823 0.776316 0.769737 0.75 85 87 -10 1 4 1 1
-24.4226 0 -74.4226 -25.1204 0 -75.1204 0.986823 0.769737 0.763158 0.75 86 88 -10 1 4 1 1
-25.1204 0 -75.1204 -25.8182 0 -75.8182 0.986823 0.763158 0.756579 0.75 87 89 -10 1 4 1 1
-25.8182 0 -75.8182 -26.516 0 -76.516 0.986823 0.756579 0.75 0.75 88 90 91 1 4 1 1
-26.516 0 -76.516 -27.2017 0 -77.2017 0.969663 0.75 0.743534 0.5625 89 92 -10 1 4 1 1
-26.516 0 -76.516 -25.8183 0 -77.2136 0.9866 0.75 0.730263 0.375 89 120 -10 1 4 1 1
-27.2017 0 -77.2017 -27.8873 0 -77.8873 0.969663 0.743534 0.737069 0.5625 90 93 -10 1 4 1 1
-27.8873 0 -77.8873 -28.573 0 -78.573 0.969663 0.737069 0.730603 0.5625 92 94 -10 1 4 1 1
-28.573 0 -78.573 -29.2586 0 -79.2586 0.969663 0.730603 0.724138 0.5625 93 95 -10 1 4 1 1
-29.2586 0 -79.2586 -29.9443 0 -79.9443 0.969663 0.724138 0.717672 0.5625 94 96 -10 1 4 1 1
-29.9443 0 -79.9443 -30.6299 0 -80.6299 0.969663 0.717672 0.711207 0.5625 95 97 -10 1 4 1 1
-30.6299 0 -80.6299 -31.3156 0 -81.3156 0.969663 0.711207 0.704741 0.5625 96 98 -10 1 4 1 1
-31.3156 0 -81.3156 -32.0012 0 -82.0012 0.969663 0.704741 0.698276 0.5625 97 99 -10 1 4 1 1
-32.0012 0 -82.0012 -32.6869 0 -82.6869 0.969663 0.698276 0.69181 0.5625 98 100 -10 1 4 1 1
-32.6869 0 -82.6869 -33.3726 0 -83.3726 0.969663 0.69181 0.685345 0.5625 99 101 -10 1 4 1 1
-33.3726 0 -83.3726 -34.0582 0 -84.0582 0.969663 0.685345 0.678879 0.5625 100 102 -10 1 4 1 1
-34.0582 0 -84.0582 -34.7439 0 -84.7439 0.969663 0.678879 0.672414 0.5625 101 103 -10 1 4 1 1
-34.7439 0 -84.7439 -35.4295 0 -85.4295 0.969663 0.672414 0.665948 0.5625 102 104 -10 1 4 1 1
-35.4295 0 -85.4295 -36.1152 0 -86.1152 0.969663 0.665948 0.659483 0.5625 103 105 -10 1 4 1 1
-36.1152 0 -86.1152 -36.8008 0 -86.8008 0.969663 0.659483 0.653017 0.5625 104 106 -10 1 4 1 1
-36.8008 0 -86.8008 -37.4865 0 -87.4865 0.969663 0.653017 0.646552 0.5625 105 107 -10 1 4 1 1
-37.4865 0 -87.4865 -38.1721 0 -88.1721 0.969663 0.646552 0.640086 0.5625 106 108 -10 1 4 1 1
-38.1721 0 -88.1721 -38.8578 0 -88.8578 0.969663 0.640086 0.633621 0.5625 107 109 -10 1 4 1 1
-38.8578 0 -88.8578 -39.5434 0 -89.5434 0.969663 0.633621 0.627155 0.5625 108 110 -10 1 4 1 1
-39.5434 0 -89.5434 -40.2291 0 -90.2291 0.969663 0.627155 0.62069 0.5625 109 111 -10 1 4 1 1
-40.2291 0 -90.2291 -40.9148 0 -90.9148 0.969663 0.62069 0.614224 0.5625 110 112 -10 1 4 1 1
-40.9148 0 -90.9148 -41.6004 0 -91.6004 0.969663 0.614224 0.607759 0.5625 111 113 -10 1 4 1 1
-41.6004 0 -91.6004 -42.2861 0 -92.2861 0.969663 0.607759 0.601293 0.5625 112 114 -10 1 4 1 1
-42.2861 0 -92.2861 -42.9717 0 -92.9717 0.969663 0.601293 0.594828 0.5625 113 115 -10 1 4 1 1
-42.9717 0 -92.9717 -43.6574 0 -93.6574 0.969663 0.594828 0.588362 0.5625 114 116 -10 1 4 1 1
-43.6574 0 -93.6574 -44.343 0 -94.343 0.969663 0.588362 0.581897 0.5625 115 117 -10 1 4 1 1
-44.343 0 -94.343 -45.0287 0 -95.0287 0.969663 0.581897 0.575431 0.5625 116 118 -10 1 4 1 1
-45.0287 0 -95.0287 -45.7143 0 -95.7143 0.969663 0.575431 0.568966 0.5625 117 119 -10 1 4 1 1
-45.7143 0 -95.7143 -46.4 0 -96.4 0.969663 0.568966 0.5625 0.5625 118 -10 -10 1 4 1 1
-25.8183 0 -77.2136 -25.1206 0 -77.9112 0.9866 0.730263 0.710526 0.375 91 121 -10 1 4 1 1
-25.1206 0 -77.9112 -24.4229 0 -78.6087 0.9866 0.710526 0.690789 0.375 120 122 -10 1 4 1 1
-24.4229 0 -78.6087 -23.7253 0 -79.3063 0.9866 0.690789 0.671053 0.375 121 123 -10 1 4 1 1
-23.7253 0 -79.3063 -23.0276 0 -80.0039 0.9866 0.671053 0.651316 0.375 122 124 -10 1 4 1 1
-23.0276 0 -80.0039 -22.3299 0 -80.7015 0.9866 0.651316 0.631579 0.375 123 125 -10 1 4 1 1
-22.3299 0 -80.7015 -21.6322 0 -81.3991 0.9866 0.631579 0.611842 0.375 124 126 -10 1 4 1 1
-21.6322 0 -81.3991 -20.9345 0 -82.0966 0.9866 0.611842 0.592105 0.375 125 127 -10 1 4 1 1
-20.9345 0 -82.0966 -20.2368 0 -82.7942 0.9866 0.592105 0.572368 0.375 126 128 -10 1 4 1 1
-20.2368 0 -82.7942 -19.5392 0 -83.4918 0.9866 0.572368 0.552632 0.375 127 129 -10 1 4 1 1
-19.5392 0 -83.4918 -18.8415 0 -84.1894 0.9866 0.552632 0.532895 0.375 128 130 -10 1 4 1 1
-18.8415 0 -84.1894 -18.1438 0 -84.8869 0.9866 0.532895 0.513158 0.375 129 131 -10 1 4 1 1
-18.1438 0 -84.8869 -17.4461 0 -85.5845 0.9866 0.513158 0.493421 0.375 130 132 -10 1 4 1 1
-17.4461 0 -85.5845 -16.7484 0 -86.2821 0.9866 0.493421 0.473684 0.375 131 133 -10 1 4 1 1
-16.7484 0 -86.2821 -16.0507 0 -86.9797 0.9866 0.473684 0.453947 0.375 132 134 -10 1 4 1 1
-16.0507 0 -86.9797 -15.3531 0 -87.6773 0.9866 0.453947 0.434211 0.375 133 135 -10 1 4 1 1
-15.3531 0 -87.6773 -14.6554 0 -88.3748 0.9866 0.434211 0.414474 0.375 134 136 -10 1 4 1 1
-14.6554 0 -88.3748 -13.9577 0 -89.0724 0.9866 0.414474 0.394737 0.375 135 137 -10 1 4 1 1
-13.9577 0 -89.0724 -13.26 0 -89.77 0.9866 0.394737 0.375 0.375 136 -10 -10 1 4 1 1
0.68 0 -50.68 1.36 0 -51.36 0.961665 0.980769 0.961538 0.5 52 139 -10 1 4 1 1
1.36 0 -51.36 2.04 0 -52.04 0.961665 0.961538 0.942308 0.5 138 140 -10 1 4 1 1
2.04 0 -52.04 2.72 0 -52.72 0.961665 0.942308 0.923077 0.5 139 141 -10 1 4 1 1
2.72 0 -52.72 3.4 0 -53.4 0.961665 0.923077 0.903846 0.5 140 142 -10 1 4 1 1
3.4 0 -53.4 4.08 0 -54.08 0.961665 0.903846 0.884615 0.5 141 143 -10 1 4 1 1
4.08 0 -54.08 4.76 0 -54.76 0.961665 0.884615 0.865385 0.5 142 144 -10 1 4 1 1
4.76 0 -54.76 5.44 0 -55.44 0.961665 0.865385 0.846154 0.5 143 145 -10 1 4 1 1
5.44 0 -55.44 6.12 0 -56.12 0.961665 0.846154 0.826923 0.5 144 146 -10 1 4 1 1
6.12 0 -56.12 6.8 0 -56.8 0.961665 0.826923 0.807692 0.5 145 147 -10 1 4 1 1
6.8 0 -56.8 7.48 0 -57.48 0.961665 0.807692 0.788462 0.5 146 148 -10 1 4 1 1
7.48 0 -57.48 8.16 0 -58.16 0.961665 0.788462 0.769231 0.5 147 149 -10 1 4 1 1
8.16 0 -58.16 8.84 0 -58.84 0.961665 0.769231 0.75 0.5 148 150 -10 1 4 1 1
8.84 0 -58.84 9.52 0 -59.52 0.961665 0.75 0.730769 0.5 149 151 -10 1 4 1 1
9.52 0 -59.52 10.2 0 -60.2 0.961665 0.730769 0.711538 0.5 150 152 -10 1 4 1 1
10.2 0 -60.2 10.88 0 -60.88 0.961665 0.711538 0.692308 0.5 151 153 -10 1 4 1 1
10.88 0 -60.88 11.56 0 -61.56 0.961665 0.692308 0.673077 0.5 152 154 -10 1 4 1 1
11.56 0 -61.56 12.24 0 -62.24 0.961665 0.673077 0.653846 0.5 153 155 -10 1 4 1 1
12.24 0 -62.24 12.92 0 -62.92 0.961665 0.653846 0.634615 0.5 154 156 -10 1 4 1 1
12.92 0 -62.92 13.6 0 -63.6 0.961665 0.634615 0.615385 0.5 155 157 -10 1 4 1 1
13.6 0 -63.6 14.28 0 -64.28 0.961665 0.615385 0.596154 0.5 156 158 -10 1 4 1 1
14.28 0 -64.28 14.96 0 -64.96 0.961665 0.596154 0.576923 0.5 157 159 -10 1 4 1 1
14.96 0 -64.96 15.64 0 -65.64 0.961665 0.576923 0.557692 0.5 158 160 -10 1 4 1 1
15.64 0 -65.64 16.32 0 -66.32 0.961665 0.557692 0.538462 0.5 159 161 -10 1 4 1 1
16.32 0 -66.32 17 0 -67 0.961665 0.538462 0.519231 0.5 160 162 -10 1 4 1 1
17 0 -67 17.68 0 -67.68 0.961665 0.519231 0.5 0.5 161 163 164 1 4 1 1
17.68 0 -67.68 16.9821 0 -68.3779 0.986972 0.5 0.493421 0.375 162 165 -10 1 4 1 1
17.68 0 -67.68 18.36 0 -68.36 0.961665 0.5 0.480769 0.25 162 183 -10 1 4 1 1
16.9821 0 -68.3779 16.2842 0 -69.0758 0.986972 0.493421 0.486842 0.375 163 166 -10 1 4 1 1
16.2842 0 -69.0758 15.5863 0 -69.7737 0.986972 0.486842 0.480263 0.375 165 167 -10 1 4 1 1
15.5863 0 -69.7737 14.8884 0 -70.4716 0.986972 0.480263 0.473684 0.375 166 168 -10 1 4 1 1
14.8884 0 -70.4716 14.1905 0 -71.1695 0.986972 0.473684 0.467105 0.375 167 169 -10 1 4 1 1
14.1905 0 -71.1695 13.4926 0 -71.8674 0.986972 0.467105 0.460526 0.375 168 170 -10 1 4 1 1
13.4926 0 -71.8674 12.7947 0 -72.5653 0.986972 0.460526 0.453947 0.375 169 171 -10 1 4 1 1
12.7947 0 -72.5653 12.0968 0 -73.2632 0.986972 0.453947 0.447368 0.375 170 172 -10 1 4 1 1
12.0968 0 -73.2632 11.3989 0 -73.9611 0.986972 0.447368 0.440789 0.375 171 173 -10 1 4 1 1
11.3989 0 -73.9611 10.7011 0 -74.6589 0.986972 0.440789 0.434211 0.375 172 174 -10 1 4 1 1
10.7011 0 -74.6589 10.0032 0 -75.3568 0.986972 0.434211 0.427632 0.375 173 175 -10 1 4 1 1
10.0032 0 -75.3568 9.30526 0 -76.0547 0.986972 0.427632 0.421053 0.375 174 176 -10 1 4 1 1
9.30526 0 -76.0547 8.60737 0 -76.7526 0.986972 0.421053 0.414474 0.375 175 177 -10 1 4 1 1
8.60737 0 -76.7526 7.90947 0 -77.4505 0.986972 0.414474 0.407895 0.375 176 178 -10 1 4 1 1
7.90947 0 -77.4505 7.21158 0 -78.1484 0.986972 0.407895 0.401316 0.375 177 179 -10 1 4 1 1
7.21158 0 -78.1484 6.51368 0 -78.8463 0.986972 0.401316 0.394737 0.375 178 180 -10 1 4 1 1
6.51368 0 -78.8463 5.81579 0 -79.5442 0.986972 0.394737 0.388158 0.375 179 181 -10 1 4 1 1
5.81579 0 -79.5442 5.11789 0 -80.2421 0.986972 0.388158 0.381579 0.375 180 182 -10 1 4 1 1
5.11789 0 -80.2421 4.42 0 -80.94 0.986972 0.381579 0.375 0.375 181 -10 -10 1 4 1 1
18.36 0 -68.36 19.04 0 -69.04 0.961665 0.480769 0.461538 0.25 164 184 -10 1 4 1 1
19.04 0 -69.04 19.72 0 -69.72 0.961665 0.461538 0.442308 0.25 183 185 -10 1 4 1 1
19.72 0 -69.72 20.4 0 -70.4 0.961665 0.442308 0.423077 0.25 184 186 -10 1 4 1 1
20.4 0 -70.4 21.08 0 -71.08 0.961665 0.423077 0.403846 0.25 185 187 -10 1 4 1 1
21.08 0 -71.08 21.76 0 -71.76 0.961665 0.403846 0.384615 0.25 186 188 -10 1 4 1 1
21.76 0 -71.76 22.44 0 -72.44 0.961665 0.384615 0.365385 0.25 187 189 -10 1 4 1 1
22.44 0 -72.44 23.12 0 -73.12 0.961665 0.365385 0.346154 0.25 188 190 -10 1 4 1 1
23.12 0 -73.12 23.8 0 -73.8 0.961665 0.346154 0.326923 0.25 189 191 -10 1 4 1 1
23.8 0 -73.8 24.48 0 -74.48 0.961665 0.326923 0.307692 0.25 190 192 -10 1 4 1 1
24.48 0 -74.48 25.16 0 -75.16 0.961665 0.307692 0.288462 0.25 191 193 -10 1 4 1 1
25.16 0 -75.16 25.84 0 -75.84 0.961665 0.288462 0.269231 0.25 192 194 -10 1 4 1 1
25.84 0 -75.84 26.52 0 -76.52 0.961665 0.269231 0.25 0.25 193 -10 -10 1 4 1 1
