75 -24.3908 11.3747 60.4885
909 -23.7851 7.26215 60.3089
1775 -22.7838 19.1129 18.0875
3428 -21.7193 23.9965 26.321
3875 -22.1637 26.3479 37.2805
4519 -9.23348 29.7828 26.6044
5034 -14.7505 24.7659 61.1651
5440 2.65722 29.6314 27.2098
6423 -3.33768 31.0099 45.9785
6845 1.26752 30.8125 58.6553
8324 23.8859 20.9021 41.879
8609 26.8124 18.8554 43.6998
8769 28.3208 17.3297 49.877
9204 1.38432 -29.8844 60.7624
9534 6.86332 -29.2222 59.6748
10250 18.9344 -25.6325 48.5732
12198 21.9706 -17.4043 34.8242
14410 26.1902 -17.5021 42.8999
15014 35.3728 -2.94155 57.2548
