1985 -13.299 -2.21079 24.4597
8720 27.0242 14.4563 40.097
8769 28.3208 17.3297 49.877
13103 5.53002 -2.26039 7.94562
14696 27.6698 -22.6675 54.9803
11463 -2.94579 -6.96872 17.5349
86086 -5.51337 -9.31948 22.068
86086 -5.51337 -9.31948 22.068
26990 -12.0395 -2.94425 13.9296
26990 -12.0395 -2.94425 13.9296
14354 30.5903 0.847164 38.7342
88638 25.2167 6.14665 49.6426
10995 -1.29358 -13.8823 33.7567
38177 0.40609 -17.3569 32.5273
10995 -1.29358 -13.8823 33.7567
26557 -7.22931 2.30614 7.1164
25695 26.4501 5.10277 50.4139
30299 -16.4878 -3.16958 49.0917
18857 -0.202677 -14.2181 30.5303
1985 -13.299 -2.21079 24.4597
16598 -6.46918 -23.3721 54.8902
65426 -12.5167 -2.22015 14.248
15963 -15.93 -3.59331 17.1555
15721 25.4501 12.3459 41.473
25329 -6.10746 -17.4651 51.3918
36883 -7.51542 -23.7254 45.3664
2086 -18.4789 -6.76995 21.3127
991 -23.6163 -3.36775 53.3889
83428 -6.31573 -25.6586 54.6741
53335 1.22889 -17.7977 23.5785
3085 -4.14328 8.83225 4.88736
104710 -1.46182 -14.7321 19.6454
104710 -1.46182 -14.7321 19.6454
77034 -23.0674 -4.42115 50.5774
71345 -13.2644 15.2886 12.8165
50862 -4.03492 -20.7865 44.1207
18195 -4.60148 -23.2041 59.9539
86393 -6.91937 -16.4813 50.599
23362 2.94243 -20.6146 28.8088
57989 -7.95105 2.33215 6.69538
16245 33.2219 -3.588 50.9459
28164 -23.7975 -4.76981 47.0915
18161 -1.84569 -18.2901 33.7422
23284 29.7189 4.48839 60.0183
40899 31.7715 7.41319 58.7574
91406 -3.21698 -11.96 14.9492
20631 -23.5941 -3.77643 32.226
65112 -24.4364 -3.8995 60.124
31846 27.882 8.31893 53.5337
28791 -1.60504 -23.8016 36.4178
71003 21.2183 10.6083 21.4376
41062 25.0885 6.9492 50.5937
25376 -2.21799 -17.6242 33.2161
15176 -26.5792 -0.43424 34.7971
57152 -19.7854 1.62944 33.765
99392 -16.718 -4.73979 57.0428
18667 -11.3881 -5.93055 19.8226
48077 21.6256 4.42692 40.7536
30276 28.9753 -14.2833 56.2604
23214 -8.20422 3.14707 3.29523
48235 -3.231 -11.3953 14.5874
33116 4.8688 -4.8331 7.12802
9377 -4.79368 -19.9577 49.9114
24138 27.7217 9.96775 39.1047
20245 -26.148 2.21611 39.8528
16718 -6.48487 -23.0915 54.9377
73852 -25.2505 -4.22622 59.87
25000 -3.43106 -9.0067 13.2909
25000 -3.43106 -9.0067 13.2909
15494 -15.0871 -4.46185 57.3364
40858 -15.1588 -4.24322 15.5488
72311 24.4275 11.5498 29.2413
55809 -19.2748 -3.43808 29.5051
17284 -24.4423 -4.87553 53.8417
24543 4.64625 2.02534 3.34084
43259 -18.2417 0.14773 33.7366
48382 29.9166 -2.41506 47.4538
34040 19.6893 16.4683 24.4938
45930 -24.3851 -4.81641 31.7977
48927 0.899336 8.728 7.10068
18055 28.6224 -2.42641 40.192
19048 -24.4379 -4.19879 45.5302
19244 26.4701 11.2516 50.8765
16648 31.6732 1.60326 55.2957
25629 0.46604 -17.9506 22.6199
87422 -17.5859 -8.07457 17.1875
32471 -6.99524 -15.9967 50.8705
16816 -19.1632 -2.12723 44.5203
13135 5.17402 -7.50435 9.27996
19846 -1.45354 -19.5424 35.9957
33834 -20.2048 2.68913 40.227
69822 27.4664 9.8036 38.6909
35587 2.41627 -3.98007 7.09108
18329 -8.04334 -22.6054 48.9481
17852 -4.25554 -20.8013 43.7645
20992 27.6708 15.4981 43.6507
24144 -5.67364 -15.5558 49.3993
19395 -2.6787 -15.7611 44.807
22916 30.9743 -0.701014 47.5569
22041 29.8621 4.96787 38.4273
15199 -0.171146 -11.1939 30.1194
78187 -20.758 -5.18144 24.6888
28126 5.12939 -2.34527 6.67311
38546 25.3309 0.68767 38.9705
94857 4.0653 4.81592 7.7592
39470 -0.982686 -14.852 37.734
43813 -9.85542 23.8259 51.8899
24634 29.5633 3.26963 40.7544
24634 29.5633 3.26963 40.7544
15821 -1.02746 -16.702 35.2463
100102 0.368555 -12.3171 12.6253
24587 -14.9973 19.4333 50.9609
16182 -22.1047 -7.52702 28.1362
54218 18.6809 13.0585 20.3802
16817 -8.66121 24.3057 45.6194
17255 -7.9846 15.9139 14.8061
18940 21.7931 7.09585 47.5971
25103 1.86495 -4.29712 7.94103
19328 -3.18165 26.3012 48.4486
24278 -11.6473 -1.11058 5.54211
